java  MultithreadedClient
9
10
16
17
22
26
29
31
33
36
38
43
45
50
51
55
63
68
69
72
74
82
84
90
91
99
100
109
111
113
117
123
129
141
153
157
158
163
168
172
176
180
181
188
189
196
198
200
202
203
213
217
220
222
224
227
231
235
237
242
244
246
249
250
259
262
264
265
268
269
271
273
279
283
288
289
296
301
307
308
311
317
324
328
333
335
342
346
352
355
362
363
365
368
370
371
375
380
384
385
390
393
402
406
407
409
410
414
419
420
422
425
430
436
441
444
447
449
450
453
454
457
458
465
469
471
473
474
477
481
483
489
490
500
501
509
511
514
519
521
524
535
538
539
550
552
554
558
559
568
569
580
582
584
591
593
597
601
605
607
611
615
618
624
626
631
644
648
651
654
655
658
663
667
670
673
675
678
679
685
686
690
691
695
698
700
704
710
714
720
723
724
726
731
734
735
739
741
743
744
748
750
754
756
760
762
768
769
771
774
776
777
782
790
798
807
810
813
817
818
825
827
828
830
836
838
843
847
854
858
865
877
879
884
887
889
894
902
903
909
913
917
921
925
927
929
933
939
940
943
947
949
955
961
962
974
975
978
980
982
986
988
993
994
997
999
1006
1010
1016
1018
1022
1028
1038
1047
1054
1055
1057
1058
1060
1061
1063
1067
1070
1073
1092
1100
1105
1107
1110
1121
1122
1134
1139
1150
1152
1157
1158
1162
1167
1173
1176
1181
1182
1190
1193
1199
1200
1206
1214
1216
1220
1223
1225
1234
1239
1252
1262
1264
1266
1268
1269
1274
1276
1278
1280
1285
1287
1290
1291
1294
1295
1300
1302
1304
1306
1309
1311
1315
1316
1327
1329
1332
1335
1340
1341
1354
1357
1360
1363
1364
1368
1370
1372
1375
1393
1394
1397
1401
1405
1407
1408
1411
1412
1416
1417
1426
1429
1432
1435
1437
1440
1443
1448
1453
1462
1465
1468
1469
1472
1475
1482
1483
1487
1489
1493
1501
1513
1514
1531
1535
1537
1544
1545
1553
1555
1562
1563
1568
1571
1575
1580
1582
1584
1606
1607
1610
1612
1615
1617
1622
1627
1634
1640
1641
1643
1644
1647
1651
1653
1656
1657
1660
1665
1676
1678
1681
1683
1691
1692
1699
1700
1712
1717
1719
1721
1733
1742
1748
1750
1753
1754
1758
1760
1762
1763
1779
1780
1784
1786
1795
1798
1810
1812
1813
1819
1820
1822
1824
1828
1829
1833
1842
1846
1850
1853
1857
1861
1865
1868
1875
1878
1883
1892
1894
1897
1901
1909
1911
1917
1924
1927
1928
1931
1935
1941
1949
1953
1960
1967
1968
1976
1977
1985
1988
1992
1997
1998
2002
2004
2011
2016
2021
2024
2031
2032
2042
2044
2045
2058
2062
2065
2068
2085
2086
2091
2096
2097
2099
2105
2115
2117
2120
2121
2124
2125
2130
2133
2136
2142
2146
2148
2154
2155
2158
2162
2164
2167
2168
2173
2176
2177
2181
2184
2187
2192
2194
2196
2201
2205
2206
2211
2214
2216
2217
2223
2224
2226
2227
2230
2232
2236
2243
2246
2251
2252
2258
2261
2264
2265
2267
2270
2275
2277
2279
2284
2291
2292
2294
2295
2297
2301
2302
2305
2307
2311
2312
2320
2321
2325
2327
2330
2333
2344
2345
2350
2351
2354
2356
2361
2362
2365
2367
2369
2372
2379
2383
2386
2389
2391
2400
2402
2405
2413
2419
2420
2426
2428
2430
2433
2435
2438
2448
2451
2453
2455
2457
2458
2462
2464
2466
2467
2475
2479
2485
2486
2488
2489
2491
2495
2497
2507
2512
2514
2518
2526
2529
2531
2535
2537
2539
2544
2547
2548
2554
2559
2563
2567
2568
2574
2577
2579
2582
2587
2591
2594
2598
2599
2609
2611
2620
2625
2627
2631
2632
2634
2640
2643
2646
2647
2662
2665
2666
2674
2675
2682
2685
2690
2695
2697
2700
2705
2709
2710
2714
2719
2727
2728
2731
2733
2739
2741
2743
2749
2751
2753
2760
2761
2763
2764
2766
2767
2770
2772
2773
2780
2781
2784
2786
2791
2793
2797
2798
2803
2805
2806
2812
2814
2819
2822
2825
2829
2831
2833
2834
2839
2842
2848
2850
2855
2858
2859
2865
2869
2873
2874
2884
2885
2898
2902
2909
2912
2915
2923
2930
2936
2941
2943
2958
2960
2961
2963
2965
2971
2972
2983
2984
2986
2989
2990
2992
3000
3002
3005
3008
3010
3013
3015
3017
3019
3028
3030
3037
3043
3046
3052
3057
3058
3062
3063
3065
3075
3079
3080
3083
3089
3095
3103
3104
3108
3112
3114
3115
3117
3124
3126
3127
3133
3137
3141
3143
3150
3153
3158
3161
3169
3189
3192
3195
3196
3201
3203
3208
3209
3211
3219
3221
3223
3227
3228
3231
3234
3238
3239
3245
3248
3249
3253
3254
3256
3258
3263
3266
3268
3271
3277
3280
3286
3288
3292
3296
3299
3304
3306
3312
3314
3318
3327
3333
3336
3343
3348
3351
3353
3355
3356
3361
3365
3372
3376
3377
3383
3392
3394
3398
3403
3407
3409
3411
3415
3417
3425
3435
3438
3442
3445
3447
3449
3450
3454
3473
3475
3482
3483
3492
3496
3501
3506
3510
3512
3518
3520
3522
3524
3528
3530
3538
3539
3549
3559
3566
3568
3570
3571
3574
3576
3579
3585
3590
3597
3604
3608
3617
3618
3622
3623
3629
3634
3637
3641
3646
3648
3649
3654
3655
3657
3667
3670
3671
3673
3675
3677
3685
3686
3690
3692
3696
3697
3710
3717
3724
3725
3734
3735
3739
3746
3749
3752
3755
3758
3761
3765
3768
3769
3772
3774
3787
3790
3792
3794
3798
3800
3802
3807
3808
3811
3812
3821
3822
3826
3827
3829
3830
3836
3838
3842
3844
3855
3862
3868
3872
3874
3881
3883
3887
3890
3893
3896
3897
3900
3905
3910
3912
3917
3923
3927
3932
3935
3942
3946
3948
3950
3951
3955
3957
3969
3973
3974
3978
3982
3992
3998
4001
4008
4014
4015
4021
4024
4031
4033
4037
4041
4043
4053
4057
4063
4064
4066
4068
4073
4076
4078
4081
4083
4087
4092
4095
4096
4099
4101
4107
4112
4113
4121
4122
4125
4127
4129
4137
4138
4141
4146
4148
4150
4153
4155
4167
4171
4176
4178
4180
4185
4188
4189
4191
4194
4196
4198
4203
4204
4210
4214
4216
4218
4222
4224
4229
4232
4236
4237
4240
4242
4254
4255
4258
4260
4261
4270
4271
4274
4277
4283
4285
4291
4294
4301
4302
4310
4311
4313
4318
4327
4329
4332
4338
4341
4343
4344
4347
4350
4352
4353
4356
4359
4361
4362
4367
4368
4370
4374
4376
4377
4382
4383
4386
4390
4395
4397
4398
4404
4412
4416
4418
4423
4426
4427
4434
4436
4437
4439
4440
4445
4448
4451
4453
4458
4462
4468
4471
4474
4476
4477
4479
4481
4483
4484
4486
4490
4494
4498
4499
4502
4505
4510
4511
4513
4514
4517
4519
4520
4532
4533
4540
4541
4544
4550
4554
4555
4560
4562
4564
4567
4570
4573
4580
4582
4588
4590
4591
4602
4606
4615
4617
4623
4625
4633
4634
4637
4638
4645
4646
4649
4651
4656
4658
4660
4665
4669
4673
4677
4680
4683
4684
4688
4689
4692
4693
4695
4696
4699
4704
4708
4710
4715
4719
4721
4723
4724
4729
4730
4734
4737
4739
4745
4748
4751
4755
4759
4771
4776
4778
4785
4790
4793
4794
4798
4799
4805
4807
4815
4816
4819
4824
4826
4828
4833
4834
4841
4842
4847
4852
4857
4861
4862
4867
4868
4871
4873
4876
4877
4881
4883
4886
4888
4896
4898
4899
4904
4908
4913
4916
4918
4920
4922
4924
4926
4930
4934
4936
4938
4940
4942
4945
4950
4952
4954
4960
4963
4970
4972
4975
4976
4979
4982
4983
4986
4988
4992
4996
4999
5003
5006
5007
5011
5012
5025
5026
5032
5034
5036
5047
5048
5060
5063
5068
5070
5071
5077
5079
5080
5083
5084
5087
5094
5101
5105
5107
5110
5115
5116
5118
5119
5136
5139
5145
5149
5152
5153
5162
5163
5169
5171
5173
5175
5177
5179
5184
5192
5195
5197
5201
5203
5206
5208
5217
5224
5226
5227
5230
5231
5235
5239
5241
5249
5256
5257
5263
5265
5277
5280
5284
5286
5294
5298
5300
5303
5304
5313
5315
5318
5323
5326
5332
5335
5336
5343
5349
5352
5353
5360
5361
5367
5370
5375
5376
5378
5382
5385
5391
5397
5403
5404
5410
5413
5415
5416
5418
5419
5427
5428
5431
5435
5436
5445
5448
5451
5459
5460
5464
5466
5470
5472
5479
5482
5484
5487
5493
5496
5501
5502
5505
5506
5514
5516
5520
5523
5524
5526
5529
5532
5535
5539
5543
5545
5548
5552
5556
5559
5560
5564
5565
5567
5569
5572
5576
5580
5582
5589
5591
5593
5596
5598
5601
5604
5605
5608
5611
5617
5620
5627
5630
5635
5638
5640
5643
5650
5654
5659
5661
5664
5668
5673
5676
5678
5684
5687
5688
5693
5695
5697
5701
5702
5706
5707
5712
5718
5720
5723
5736
5739
5740
5746
5750
5751
5754
5760
5761
5764
5765
5772
5780
5787
5790
5791
5797
5799
5801
5803
5806
5807
5812
5817
5822
5824
5827
5830
5834
5837
5848
5849
5852
5853
5862
5863
5867
5870
5874
5882
5884
5892
5894
5896
5898
5902
5903
5908
5914
5916
5935
5937
5943
5946
5947
5952
5953
5961
5963
5967
5969
5976
5978
5983
5984
5990
5992
5995
6003
6005
6010
6013
6015
6017
6027
6032
6036
6037
6040
6047
6052
6054
6057
6059
6062
6064
6068
6069
6082
6083
6087
6089
6091
6094
6108
6110
6112
6117
6119
6124
6125
6128
6131
6132
6150
6152
6155
6158
6159
6162
6164
6167
6172
6174
6177
6180
6185
6189
6193
6199
6206
6213
6217
6219
6223
6228
6231
6235
6237
6243
6248
6251
6253
6259
6261
6264
6268
6276
6279
6282
6284
6287
6295
6301
6303
6305
6307
6308
6310
6311
6313
6317
6322
6326
6329
6336
6338
6349
6352
6355
6363
6364
6368
6369
6372
6383
6393
6394
6401
6408
6412
6413
6420
6424
6434
6443
6447
6450
6454
6458
6460
6462
6465
6469
6471
6475
6477
6478
6481
6485
6491
6493
6502
6503
6510
6511
6519
6521
6540
6543
6546
6550
6552
6554
6555
6568
6574
6578
6583
6585
6587
6596
6599
6604
6617
6621
6622
6629
6634
6635
6637
6640
6642
6643
6649
6652
6657
6658
6663
6664
6667
6677
6687
6691
6695
6699
6706
6708
6711
6712
6718
6720
6722
6723
6734
6736
6741
6742
6745
6746
6751
6752
6762
6766
6770
6773
6774
6777
6778
6781
6783
6788
6796
6798
6800
6810
6811
6827
6831
6846
6848
6852
6858
6859
6866
6871
6873
6876
6887
6889
6894
6897
6900
6902
6904
6908
6911
6916
6917
6920
6921
6924
6925
6934
6936
6944
6947
6948
6960
6961
6965
6967
6969
6973
6975
6984
6985
6991
6993
6997
7001
7006
7013
7015
7019
7021
7024
7025
7030
7031
7035
7036
7041
7042
7047
7051
7058
7059
7064
7066
7068
7069
7073
7079
7081
7084
7087
7089
7091
7092
7098
7102
7114
7116
7119
7123
7131
7137
7141
7143
7148
7152
7153
7157
7159
7162
7168
7175
7182
7186
7188
7190
7192
7195
7199
7201
7203
7205
7209
7215
7218
7219
7225
7228
7232
7235
7238
7241
7258
7273
7276
7278
7287
7295
7297
7300
7307
7311
7312
7316
7321
7322
7328
7331
7334
7335
7346
7348
7350
7353
7355
7361
7365
7368
7373
7380
7393
7400
7404
7410
7415
7416
7422
7427
7430
7438
7449
7453
7457
7464
7467
7468
7480
7482
7484
7490
7493
7497
7498
7506
7509
7519
7526
7527
7530
7531
7538
7539
7545
7549
7556
7562
7564
7568
7572
7578
7581
7583
7587
7594
7596
7599
7601
7607
7608
7611
7612
7616
7619
7621
7624
7630
7635
7638
7639
7642
7643
7645
7648
7655
7658
7661
7664
7671
7672
7676
7677
7684
7693
7698
7700
7701
7706
7711
7720
7722
7732
7740
7756
7758
7765
7768
7770
7773
7776
7780
7782
7785
7788
7794
7796
7800
7801
7803
7806
7813
7815
7817
7820
7823
7826
7831
7838
7840
7842
7844
7848
7853
7854
7858
7860
7866
7871
7873
7877
7879
7880
7888
7892
7903
7910
7912
7913
7923
7925
7931
7932
7935
7937
7940
7946
7948
7950
7953
7954
7957
7960
7963
7968
7971
7976
7978
7982
7984
7988
7992
7994
7996
7998
8002
8003
8009
8011
8015
8020
8027
8030
8032
8037
8038
8041
8043
8045
8047
8049
8051
8056
8067
8068
8071
8072
8076
8081
8084
8085
8089
8096
8103
8106
8107
8109
8117
8134
8142
8143
8147
8151
8154
8161
8163
8166
8168
8172
8189
8190
8194
8195
8201
8202
8206
8207
8210
8212
8215
8219
8236
8239
8242
8244
8252
8254
8263
8264
8271
8273
8276
8283
8285
8286
8290
8293
8297
8300
8302
8312
8313
8317
8318
8321
8322
8329
8333
8337
8339
8341
8344
8351
8352
8357
8360
8363
8369
8375
8380
8382
8385
8386
8388
8399
8401
8402
8404
8407
8409
8412
8420
8421
8424
8425
8437
8438
8442
8444
8446
8447
8454
8456
8473
8481
8486
8487
8492
8496
8505
8511
8512
8516
8517
8530
8536
8554
8557
8563
8567
8571
8573
8579
8582
8585
8594
8596
8599
8604
8607
8608
8610
8625
8628
8630
8634
8638
8640
8642
8646
8649
8652
8655
8657
8660
8666
8668
8678
8681
8683
8686
8691
8696
8699
8703
8705
8712
8713
8715
8720
8725
8730
8735
8738
8740
8741
8746
8750
8755
8767
8773
8775
8787
8789
8794
8799
8809
8811
8817
8818
8822
8823
8826
8827
8831
8833
8837
8839
8842
8846
8848
8853
8856
8859
8861
8864
8874
8881
8891
8892
8896
8898
8903
8910
8912
8915
8920
8938
8946
8949
8954
8968
8973
8976
8979
8981
8986
8989
8994
8996
8999
9004
9007
9011
9012
9020
9024
9031
9033
9036
9038
9043
9049
9052
9054
9056
9058
9062
9064
9073
9075
9082
9085
9086
9088
9089
9091
9092
9095
9097
9100
9105
9107
9115
9119
9121
9129
9132
9134
9139
9144
9150
9153
9155
9157
9159
9161
9162
9164
9166
9169
9174
9176
9180
9187
9188
9195
9196
9198
9203
9204
9209
9212
9214
9216
9219
9221
9232
9234
9238
9240
9243
9245
9248
9250
9254
9259
9265
9266
9273
9284
9286
9291
9292
9300
9301
9304
9305
9310
9315
9318
9321
9324
9327
9333
9335
9337
9343
9347
9348
9350
9352
9362
9363
9367
9370
9376
9379
9382
9383
9387
9388
9397
9398
9402
9406
9409
9415
9420
9423
9425
9432
9433
9439
9442
9448
9451
9452
9456
9458
9460
9463
9464
9473
9474
9487
9490
9496
9498
9504
9508
9510
9511
9513
9515
9516
9526
9528
9529
9532
9533
9536
9540
9541
9547
9551
9557
9561
9563
9564
9567
9568
9577
9580
9583
9585
9586
9588
9590
9596
9598
9602
9604
9609
9613
9614
9617
9621
9640
9641
9644
9645
9650
9651
9654
9657
9661
9667
9669
9674
9680
9683
9698
9700
9711
9713
9716
9718
9719
9726
9728
9735
9737
9745
9748
9753
9755
9760
9767
9768
9779
9780
9786
9788
9795
9797
9803
9805
9807
9810
9813
9816
9820
9821
9826
9828
9838
9844
9846
9848
9851
9852
9859
9862
9872
9874
9882
9884
9889
9891
9893
9897
9904
9910
9914
9916
9920
9925
9926
9933
9935
9954
9963
9964
9967
9969
9970
9982
9983
9985
9992
9997
Closing down connection...
