java  MultithreadedClient
8
11
15
16
18
22
24
26
35
42
43
53
56
61
63
68
70
77
80
88
91
94
96
97
106
108
110
113
114
118
119
125
127
129
132
135
142
145
148
150
155
157
166
170
172
174
176
182
183
186
187
189
190
196
199
201
203
204
211
215
216
222
227
230
233
234
238
239
243
246
247
251
253
256
257
263
266
273
274
279
280
286
287
289
290
293
294
297
298
305
307
314
317
318
322
324
327
331
334
337
339
348
351
354
361
367
369
370
374
375
377
378
386
388
390
394
395
400
402
405
407
410
411
416
419
423
433
438
441
446
450
453
455
459
463
466
474
476
477
479
480
484
485
489
490
501
503
505
506
510
515
517
519
525
527
531
532
534
538
539
543
546
554
555
559
567
568
571
573
574
578
580
584
585
591
593
596
601
604
607
608
611
612
616
618
621
625
629
632
636
639
640
645
647
651
654
656
658
664
670
672
675
678
685
689
691
694
696
697
702
705
707
709
714
716
719
727
728
731
734
736
745
750
753
755
761
766
770
777
778
787
788
791
794
799
802
807
812
816
818
820
824
825
827
829
843
846
850
852
855
858
859
862
866
873
874
883
884
887
890
895
898
899
902
904
908
909
912
915
917
921
922
933
935
943
948
954
958
966
969
978
980
983
988
1006
1013
1017
1019
1023
1024
1030
1032
1042
1046
1053
1064
1068
1073
1076
1078
1081
1084
1085
1092
1093
1099
1101
1104
1111
1116
1119
1128
1130
1139
1146
1150
1152
1161
1163
1168
1170
1173
1174
1180
1181
1184
1189
1192
1197
1204
1207
1210
1215
1216
1219
1225
1228
1237
1240
1242
1248
1252
1255
1258
1261
1265
1271
1275
1279
1283
1288
1289
1293
1295
1300
1302
1305
1309
1312
1315
1316
1318
1322
1323
1328
1329
1334
1340
1341
1343
1356
1360
1361
1365
1372
1383
1384
1387
1389
1397
1399
1403
1405
1408
1411
1419
1423
1424
1429
1431
1433
1436
1438
1453
1457
1464
1472
1481
1485
1486
1490
1491
1498
1500
1503
1505
1508
1510
1512
1514
1516
1524
1527
1530
1531
1533
1537
1538
1545
1546
1551
1552
1561
1562
1565
1566
1570
1571
1583
1586
1590
1594
1596
1602
1608
1610
1615
1618
1620
1626
1632
1637
1638
1642
1647
1655
1657
1661
1665
1666
1670
1673
1684
1698
1702
1704
1708
1709
1712
1717
1719
1723
1724
1726
1729
1734
1736
1739
1743
1746
1751
1752
1755
1760
1762
1771
1780
1781
1789
1795
1797
1798
1800
1801
1804
1808
1812
1814
1818
1832
1838
1846
1851
1854
1856
1857
1859
1863
1867
1871
1872
1876
1879
1882
1888
1889
1892
1894
1901
1904
1907
1910
1915
1918
1923
1931
1934
1936
1937
1940
1944
1952
1954
1962
1964
1969
1971
1976
1977
1982
1990
1993
1995
2001
2006
2011
2014
2018
2023
2027
2028
2031
2033
2036
2037
2041
2043
2046
2048
2053
2055
2062
2063
2067
2078
2082
2083
2086
2089
2094
2096
2098
2101
2106
2108
2112
2113
2123
2136
2144
2148
2151
2152
2156
2157
2172
2175
2181
2183
2185
2187
2193
2196
2201
2204
2206
2209
2211
2213
2214
2217
2221
2222
2230
2233
2238
2239
2242
2247
2257
2263
2267
2273
2275
2279
2280
2286
2287
2295
2296
2302
2305
2307
2308
2312
2314
2316
2322
2325
2329
2334
2335
2338
2339
2343
2344
2346
2348
2350
2354
2355
2359
2362
2364
2366
2367
2376
2377
2391
2393
2399
2403
2408
2414
2416
2420
2421
2425
2428
2431
2435
2437
2440
2442
2447
2448
2451
2453
2461
2464
2470
2473
2474
2476
2477
2480
2481
2487
2488
2493
2494
2497
2499
2500
2508
2510
2519
2525
2528
2530
2533
2535
2537
2538
2545
2547
2554
2555
2558
2559
2573
2576
2578
2579
2587
2588
2596
2597
2600
2605
2610
2612
2618
2619
2630
2636
2650
2651
2653
2656
2664
2667
2671
2673
2676
2678
2681
2683
2694
2697
2700
2708
2714
2716
2721
2723
2725
2733
2735
2737
2739
2744
2751
2752
2760
2761
2773
2776
2777
2779
2780
2784
2785
2792
2796
2803
2804
2808
2810
2811
2815
2822
2824
2830
2839
2842
2845
2847
2850
2857
2869
2875
2880
2884
2886
2889
2894
2895
2899
2902
2904
2906
2912
2913
2920
2923
2929
2932
2936
2939
2941
2951
2955
2962
2968
2970
2976
2977
2983
2985
2989
2990
2999
3000
3002
3003
3007
3011
3014
3020
3023
3026
3029
3032
3034
3040
3041
3044
3046
3054
3059
3061
3062
3064
3068
3073
3076
3081
3084
3087
3091
3095
3097
3103
3104
3106
3108
3114
3115
3119
3121
3124
3129
3132
3134
3135
3142
3145
3146
3149
3153
3160
3162
3163
3165
3169
3171
3174
3175
3183
3185
3190
3191
3194
3197
3199
3200
3202
3210
3215
3219
3222
3236
3245
3250
3254
3256
3263
3265
3266
3271
3276
3281
3286
3291
3294
3295
3301
3304
3306
3312
3314
3320
3336
3340
3349
3351
3356
3359
3362
3364
3369
3371
3374
3378
3381
3385
3386
3390
3392
3398
3399
3404
3407
3411
3414
3420
3421
3423
3425
3436
3446
3450
3453
3461
3464
3468
3471
3472
3478
3479
3484
3485
3489
3491
3492
3501
3503
3507
3510
3513
3515
3516
3522
3524
3529
3533
3535
3543
3547
3548
3551
3553
3555
3556
3561
3563
3568
3572
3582
3583
3586
3590
3591
3595
3599
3603
3608
3610
3618
3619
3621
3623
3626
3634
3640
3644
3646
3654
3655
3658
3661
3670
3672
3679
3682
3692
3693
3697
3701
3703
3710
3720
3722
3725
3727
3730
3734
3736
3739
3741
3743
3747
3749
3752
3753
3756
3768
3775
3776
3778
3780
3785
3787
3791
3793
3796
3798
3801
3804
3808
3813
3821
3825
3830
3831
3833
3839
3842
3843
3847
3849
3853
3856
3857
3868
3872
3880
3883
3885
3887
3895
3897
3902
3903
3906
3917
3920
3921
3925
3928
3935
3939
3940
3943
3962
3971
3973
3979
3980
3983
3984
4000
4004
4005
4008
4011
4013
4016
4022
4031
4036
4037
4041
4046
4048
4050
4051
4057
4060
4064
4067
4076
4082
4085
4088
4096
4101
4106
4116
4120
4122
4127
4128
4132
4136
4141
4144
4150
4154
4158
4164
4167
4173
4174
4180
4193
4195
4198
4200
4201
4204
4206
4208
4209
4225
4230
4234
4235
4242
4244
4247
4248
4255
4262
4266
4269
4270
4275
4277
4279
4283
4285
4287
4293
4296
4302
4306
4309
4312
4316
4317
4320
4321
4326
4328
4336
4338
4346
4355
4362
4363
4372
4373
4377
4378
4380
4382
4393
4394
4397
4399
4401
4403
4405
4409
4417
4421
4424
4427
4428
4432
4433
4442
4444
4448
4453
4457
4459
4465
4469
4471
4473
4476
4479
4490
4491
4496
4497
4503
4505
4506
4509
4510
4523
4527
4528
4542
4545
4550
4553
4563
4564
4568
4576
4578
4580
4585
4588
4591
4592
4597
4598
4602
4603
4608
4611
4614
4616
4618
4620
4621
4625
4626
4633
4637
4638
4643
4645
4646
4649
4655
4660
4661
4669
4670
4675
4679
4687
4690
4695
4698
4704
4708
4710
4712
4715
4718
4720
4723
4725
4727
4730
4732
4737
4745
4747
4749
4751
4753
4761
4766
4774
4776
4780
4788
4790
4791
4793
4806
4815
4816
4827
4832
4836
4838
4839
4851
4855
4856
4860
4861
4864
4865
4867
4868
4870
4872
4873
4875
4878
4884
4889
4896
4898
4899
4903
4906
4910
4914
4916
4918
4920
4921
4924
4928
4931
4934
4940
4943
4955
4960
4976
4979
4981
4985
4990
4995
4997
5000
5002
5004
5008
5011
5012
5016
5019
5020
5025
5028
5032
5036
5040
5041
5044
5055
5062
5066
5067
5072
5073
5076
5081
5085
5089
5090
5093
5094
5098
5102
5109
5111
5114
5119
5132
5137
5138
5141
5147
5154
5157
5159
5164
5165
5171
5181
5186
5188
5196
5197
5200
5203
5206
5210
5211
5222
5228
5231
5235
5238
5239
5244
5246
5254
5255
5260
5263
5266
5269
5272
5274
5280
5282
5292
5294
5300
5305
5307
5315
5317
5318
5320
5326
5329
5333
5334
5336
5337
5340
5343
5346
5349
5352
5354
5365
5368
5369
5371
5374
5375
5383
5385
5390
5394
5397
5399
5404
5406
5408
5410
5415
5417
5420
5421
5433
5436
5441
5443
5446
5451
5460
5465
5467
5468
5471
5473
5477
5479
5484
5488
5494
5502
5505
5516
5518
5525
5530
5533
5539
5545
5549
5561
5567
5568
5570
5572
5576
5577
5580
5582
5584
5597
5603
5606
5615
5621
5623
5625
5633
5636
5639
5641
5643
5648
5650
5653
5655
5657
5666
5671
5675
5678
5680
5686
5687
5689
5702
5705
5706
5709
5712
5717
5725
5727
5735
5737
5740
5744
5748
5750
5752
5754
5759
5761
5764
5769
5781
5784
5785
5788
5790
5795
5796
5801
5803
5814
5818
5822
5825
5827
5829
5830
5841
5845
5851
5854
5861
5864
5867
5871
5873
5875
5877
5884
5889
5898
5901
5903
5907
5909
5913
5916
5921
5925
5927
5930
5932
5935
5936
5938
5941
5954
5956
5959
5960
5970
5971
5974
5976
5984
5986
5989
6005
6006
6014
6015
6017
6020
6021
6023
6024
6028
6029
6034
6037
6039
6045
6048
6055
6056
6061
6063
6076
6080
6086
6093
6099
6106
6107
6112
6114
6116
6117
6121
6124
6130
6138
6141
6144
6148
6150
6152
6154
6157
6161
6167
6172
6175
6176
6179
6182
6188
6190
6192
6195
6197
6201
6202
6204
6211
6221
6222
6226
6234
6242
6246
6248
6249
6254
6255
6262
6266
6270
6271
6276
6283
6286
6287
6294
6295
6299
6302
6306
6310
6312
6318
6320
6322
6326
6327
6345
6347
6351
6353
6360
6371
6373
6378
6387
6389
6390
6401
6410
6413
6417
6421
6422
6425
6426
6429
6431
6433
6435
6438
6440
6446
6448
6449
6455
6457
6459
6460
6462
6464
6467
6469
6470
6476
6478
6479
6482
6484
6489
6492
6495
6497
6498
6503
6505
6507
6510
6511
6513
6514
6518
6522
6526
6527
6530
6534
6540
6545
6547
6552
6556
6559
6561
6565
6567
6575
6577
6581
6582
6585
6588
6595
6596
6607
6608
6615
6617
6624
6625
6633
6635
6639
6647
6650
6652
6664
6669
6672
6676
6681
6687
6698
6702
6705
6711
6713
6715
6720
6728
6730
6733
6738
6741
6743
6745
6752
6755
6756
6760
6761
6765
6769
6775
6777
6779
6780
6782
6787
6795
6797
6799
6803
6804
6812
6814
6817
6820
6823
6828
6831
6832
6834
6835
6838
6840
6843
6855
6858
6862
6865
6869
6874
6876
6878
6880
6886
6887
6890
6894
6901
6902
6906
6911
6915
6921
6927
6934
6939
6941
6945
6946
6956
6960
6962
6965
6975
6981
6982
6985
6986
6991
6993
6999
7009
7010
7014
7023
7027
7030
7033
7036
7038
7044
7051
7054
7057
7065
7069
7072
7074
7075
7078
7084
7088
7093
7100
7104
7109
7112
7115
7117
7120
7122
7126
7132
7138
7140
7143
7145
7147
7150
7155
7158
7160
7162
7164
7166
7167
7170
7174
7184
7185
7191
7195
7197
7198
7207
7209
7212
7216
7218
7220
7223
7225
7228
7229
7235
7237
7239
7240
7247
7248
7251
7253
7257
7262
7268
7272
7279
7280
7285
7286
7289
7290
7294
7295
7300
7301
7304
7306
7309
7313
7316
7321
7327
7330
7332
7333
7341
7342
7349
7354
7357
7359
7361
7367
7373
7374
7376
7380
7386
7387
7393
7396
7398
7399
7401
7405
7408
7409
7414
7419
7422
7426
7436
7437
7439
7442
7448
7451
7454
7456
7458
7461
7464
7466
7468
7469
7473
7474
7479
7480
7488
7491
7494
7499
7509
7511
7513
7515
7518
7525
7530
7536
7537
7539
7541
7544
7546
7550
7553
7555
7568
7571
7572
7574
7576
7577
7581
7582
7587
7590
7593
7596
7600
7608
7610
7612
7613
7616
7619
7630
7631
7640
7641
7646
7650
7651
7653
7658
7667
7670
7678
7681
7683
7685
7686
7689
7690
7702
7707
7709
7715
7723
7725
7726
7730
7734
7736
7743
7748
7751
7753
7757
7759
7766
7768
7774
7781
7787
7791
7793
7797
7798
7806
7810
7813
7815
7818
7821
7825
7829
7834
7835
7838
7839
7841
7845
7852
7854
7863
7864
7874
7877
7879
7880
7883
7892
7896
7897
7902
7905
7907
7913
7917
7921
7923
7925
7931
7932
7935
7948
7964
7967
7968
7970
7971
7973
7974
7978
7981
7983
7986
7989
7992
7998
8003
8004
8010
8011
8020
8022
8025
8031
8033
8038
8046
8048
8052
8056
8060
8064
8065
8070
8071
8074
8075
8080
8084
8088
8090
8094
8103
8104
8108
8110
8112
8114
8116
8117
8120
8123
8130
8136
8137
8143
8149
8160
8165
8166
8171
8176
8182
8183
8187
8191
8194
8198
8204
8205
8214
8217
8218
8222
8223
8225
8228
8230
8231
8238
8242
8250
8254
8255
8263
8264
8271
8274
8279
8282
8285
8292
8293
8305
8307
8319
8321
8330
8331
8334
8338
8341
8348
8350
8353
8370
8377
8379
8382
8386
8387
8396
8400
8401
8410
8413
8414
8420
8422
8424
8428
8433
8435
8436
8440
8442
8450
8454
8456
8462
8466
8471
8473
8475
8477
8482
8485
8489
8493
8499
8504
8507
8511
8515
8525
8529
8531
8534
8537
8538
8550
8551
8557
8564
8567
8568
8575
8577
8578
8584
8587
8589
8597
8604
8611
8612
8624
8628
8632
8636
8639
8644
8646
8647
8655
8660
8663
8665
8668
8669
8671
8674
8676
8679
8683
8685
8690
8695
8707
8708
8714
8715
8719
8722
8729
8730
8738
8739
8745
8750
8754
8762
8766
8776
8786
8791
8794
8804
8805
8810
8813
8815
8819
8820
8822
8826
8828
8831
8832
8839
8845
8846
8848
8849
8851
8852
8855
8856
8858
8861
8865
8870
8873
8877
8880
8882
8894
8899
8906
8910
8912
8919
8924
8929
8932
8936
8939
8942
8947
8950
8958
8959
8963
8967
8969
8973
8982
8985
8986
8989
8990
8992
8994
8996
9000
9004
9007
9008
9012
9013
9018
9026
9029
9033
9035
9037
9043
9045
9048
9055
9060
9070
9074
9075
9087
9089
9092
9093
9097
9102
9105
9112
9118
9121
9123
9124
9128
9129
9132
9141
9144
9146
9147
9151
9155
9158
9161
9164
9168
9173
9174
9178
9179
9188
9190
9192
9197
9199
9203
9206
9208
9209
9214
9215
9218
9219
9221
9222
9224
9226
9227
9229
9232
9236
9237
9244
9249
9252
9260
9261
9269
9271
9272
9275
9276
9281
9283
9296
9303
9304
9307
9309
9312
9316
9320
9323
9326
9330
9332
9334
9339
9345
9348
9360
9363
9366
9375
9376
9380
9382
9383
9385
9388
9395
9397
9405
9407
9408
9413
9415
9417
9418
9427
9433
9445
9448
9453
9459
9460
9465
9468
9471
9481
9482
9488
9490
9492
9494
9496
9500
9502
9503
9505
9507
9520
9523
9526
9528
9529
9531
9538
9540
9543
9549
9551
9552
9557
9560
9561
9565
9568
9573
9578
9582
9583
9585
9586
9589
9593
9596
9598
9603
9606
9609
9610
9624
9627
9629
9636
9645
9650
9651
9654
9655
9657
9661
9663
9667
9669
9671
9673
9677
9681
9684
9693
9697
9698
9704
9705
9715
9717
9725
9730
9734
9739
9747
9749
9754
9761
9765
9769
9771
9774
9778
9781
9787
9789
9795
9797
9801
9802
9809
9810
9815
9816
9820
9822
9828
9833
9836
9837
9840
9842
9846
9851
9856
9858
9864
9865
9869
9871
9877
9879
9882
9883
9888
9893
9898
9899
9902
9906
9908
9909
9913
9922
9924
9926
9933
9941
9946
9950
9953
9954
9959
9964
9967
9968
9979
9981
9993
9996
Closing down connection...
