java  MultithreadedClient
8
9
11
14
17
20
22
28
30
33
42
45
46
52
55
61
63
65
67
69
80
84
86
89
91
94
98
100
102
104
106
109
113
116
120
123
127
134
142
144
148
151
152
161
162
165
175
179
184
185
191
192
197
198
201
202
206
207
214
217
221
223
226
228
237
238
245
250
254
258
263
266
269
271
272
276
279
282
283
285
286
290
291
297
298
306
307
316
318
330
331
336
337
343
344
363
365
372
378
382
391
392
396
402
410
413
415
418
424
428
429
431
433
448
451
455
458
460
466
468
472
473
480
482
484
487
489
496
505
509
510
518
520
525
527
530
532
538
539
541
545
547
548
552
554
560
561
565
566
571
573
579
581
582
589
594
599
600
603
604
611
612
618
619
622
626
630
631
637
638
640
644
650
652
658
659
663
666
667
670
671
675
678
681
684
686
687
690
695
702
706
712
720
722
725
726
729
732
735
737
741
745
746
751
752
761
769
776
778
782
784
787
793
795
796
807
808
812
813
818
822
824
834
837
839
841
847
849
858
860
862
868
871
874
877
878
881
886
891
893
897
898
905
906
912
919
926
927
930
931
940
942
950
951
953
956
963
964
967
968
973
976
980
985
993
996
1002
1006
1009
1010
1014
1022
1028
1031
1034
1038
1041
1046
1047
1054
1055
1060
1063
1064
1074
1078
1083
1085
1088
1090
1095
1097
1098
1104
1105
1110
1112
1114
1121
1122
1124
1126
1129
1130
1132
1134
1144
1146
1157
1161
1162
1164
1167
1168
1175
1179
1180
1182
1184
1194
1197
1198
1200
1201
1203
1209
1212
1214
1222
1224
1226
1228
1235
1239
1240
1244
1245
1250
1257
1260
1268
1272
1274
1282
1284
1288
1290
1294
1295
1299
1305
1308
1309
1311
1313
1317
1319
1326
1329
1334
1335
1341
1343
1348
1349
1353
1354
1360
1366
1371
1373
1390
1392
1394
1395
1400
1403
1409
1419
1420
1422
1424
1428
1430
1434
1436
1439
1441
1443
1445
1449
1456
1458
1468
1473
1474
1481
1486
1491
1492
1494
1495
1499
1501
1505
1509
1514
1517
1526
1528
1530
1535
1542
1547
1550
1552
1553
1556
1558
1568
1569
1573
1580
1585
1586
1591
1592
1595
1599
1601
1607
1610
1614
1615
1617
1619
1626
1629
1633
1634
1636
1640
1643
1646
1650
1653
1659
1660
1665
1673
1675
1677
1682
1685
1690
1691
1694
1697
1702
1710
1712
1715
1719
1721
1723
1724
1728
1730
1734
1738
1747
1749
1755
1759
1769
1771
1773
1774
1779
1784
1787
1791
1794
1796
1798
1801
1803
1806
1812
1813
1816
1817
1820
1822
1824
1826
1828
1839
1842
1847
1853
1854
1858
1862
1865
1866
1875
1879
1888
1890
1895
1896
1900
1903
1912
1913
1915
1921
1922
1929
1933
1934
1938
1942
1944
1949
1953
1954
1956
1957
1959
1960
1964
1967
1968
1974
1975
1977
1978
1982
1984
1987
1990
1994
1998
1999
2001
2004
2006
2011
2013
2021
2025
2026
2033
2035
2040
2042
2044
2046
2055
2056
2063
2070
2074
2076
2080
2083
2092
2098
2099
2107
2113
2115
2119
2127
2129
2138
2142
2147
2152
2156
2161
2165
2167
2170
2171
2176
2177
2180
2185
2193
2198
2201
2203
2211
2213
2216
2217
2223
2226
2230
2235
2236
2240
2241
2243
2244
2246
2251
2255
2256
2258
2262
2266
2271
2278
2285
2288
2291
2295
2296
2300
2301
2307
2308
2315
2316
2326
2327
2335
2336
2342
2343
2345
2356
2366
2368
2371
2373
2374
2376
2379
2380
2391
2392
2396
2398
2402
2407
2408
2414
2415
2419
2421
2425
2432
2435
2440
2442
2449
2474
2478
2479
2483
2487
2488
2490
2494
2496
2500
2501
2503
2508
2518
2520
2524
2526
2527
2535
2537
2541
2542
2544
2550
2551
2553
2554
2567
2572
2573
2575
2580
2589
2592
2596
2597
2600
2602
2603
2609
2612
2614
2617
2618
2621
2623
2626
2630
2635
2639
2641
2650
2653
2656
2657
2664
2666
2672
2674
2676
2677
2679
2680
2684
2687
2690
2692
2700
2709
2711
2712
2716
2719
2722
2724
2726
2729
2733
2734
2736
2738
2740
2742
2745
2749
2755
2762
2763
2771
2772
2777
2778
2782
2784
2788
2790
2791
2794
2796
2799
2801
2802
2806
2808
2818
2821
2824
2827
2831
2833
2845
2847
2848
2853
2855
2856
2860
2861
2870
2876
2880
2882
2889
2892
2896
2898
2900
2901
2906
2908
2917
2921
2929
2931
2933
2938
2948
2951
2967
2968
2976
2977
2980
2983
2990
2994
2998
3003
3008
3009
3012
3013
3016
3017
3021
3024
3028
3031
3035
3046
3048
3049
3058
3059
3066
3067
3069
3072
3074
3077
3079
3087
3096
3100
3108
3109
3117
3119
3126
3127
3129
3131
3141
3146
3147
3150
3152
3155
3157
3159
3160
3163
3165
3169
3172
3175
3176
3183
3191
3196
3206
3214
3215
3220
3222
3232
3241
3243
3246
3248
3252
3255
3258
3267
3271
3275
3277
3279
3282
3287
3289
3293
3294
3300
3304
3305
3312
3314
3316
3321
3323
3324
3326
3331
3335
3337
3338
3340
3342
3346
3349
3361
3368
3371
3372
3374
3376
3377
3381
3393
3397
3400
3405
3410
3416
3420
3424
3426
3429
3433
3436
3437
3439
3442
3448
3455
3456
3460
3464
3467
3468
3474
3475
3479
3480
3488
3494
3497
3502
3510
3515
3517
3522
3524
3530
3531
3534
3535
3538
3539
3547
3549
3554
3557
3562
3564
3565
3573
3575
3586
3587
3592
3593
3596
3605
3610
3614
3616
3618
3621
3622
3628
3632
3635
3637
3641
3647
3649
3650
3655
3657
3659
3661
3662
3665
3670
3674
3676
3683
3686
3691
3693
3697
3698
3701
3702
3705
3710
3712
3714
3716
3718
3722
3726
3729
3731
3733
3735
3741
3742
3744
3747
3751
3752
3762
3763
3769
3770
3773
3776
3783
3787
3789
3794
3795
3798
3801
3802
3804
3805
3809
3818
3823
3825
3827
3829
3835
3837
3840
3846
3847
3853
3854
3858
3862
3867
3869
3878
3882
3885
3886
3890
3893
3897
3898
3900
3901
3903
3904
3906
3915
3917
3918
3920
3923
3933
3935
3944
3946
3952
3954
3963
3967
3975
3976
3978
3980
3986
3989
3990
4003
4007
4011
4014
4017
4021
4023
4031
4033
4038
4041
4048
4049
4051
4052
4059
4064
4073
4076
4082
4090
4097
4098
4107
4109
4111
4112
4115
4120
4123
4124
4129
4131
4133
4135
4136
4144
4147
4148
4157
4160
4165
4168
4175
4178
4188
4194
4196
4201
4204
4207
4208
4211
4217
4221
4225
4226
4233
4235
4238
4247
4253
4256
4258
4261
4263
4265
4267
4277
4278
4283
4287
4289
4290
4299
4301
4302
4305
4308
4309
4314
4315
4323
4324
4327
4332
4334
4336
4349
4351
4354
4361
4363
4368
4369
4373
4376
4379
4380
4383
4385
4388
4392
4394
4401
4402
4404
4406
4411
4413
4415
4420
4432
4437
4439
4441
4444
4448
4452
4455
4456
4459
4464
4469
4471
4474
4499
4504
4509
4510
4513
4521
4525
4532
4533
4538
4540
4544
4546
4551
4556
4558
4562
4567
4574
4576
4578
4584
4585
4588
4589
4595
4601
4607
4608
4613
4614
4617
4621
4627
4629
4631
4638
4641
4643
4647
4649
4653
4656
4658
4660
4662
4673
4677
4680
4682
4685
4687
4689
4691
4699
4701
4703
4705
4709
4710
4714
4715
4717
4718
4723
4725
4727
4728
4730
4735
4736
4739
4741
4743
4744
4747
4750
4757
4758
4767
4769
4774
4775
4779
4781
4784
4790
4791
4794
4796
4804
4805
4807
4809
4812
4818
4824
4832
4833
4836
4837
4841
4842
4844
4845
4848
4850
4856
4857
4860
4865
4868
4869
4871
4873
4876
4879
4886
4893
4897
4900
4901
4906
4909
4912
4914
4918
4919
4925
4933
4935
4939
4944
4949
4950
4952
4953
4962
4963
4967
4970
4976
4981
4987
4993
5001
5004
5006
5024
5025
5030
5031
5038
5042
5043
5048
5051
5057
5065
5072
5077
5080
5081
5085
5086
5090
5097
5109
5115
5118
5119
5125
5126
5130
5131
5134
5141
5145
5147
5152
5157
5158
5162
5165
5169
5174
5177
5179
5185
5194
5197
5206
5207
5211
5216
5219
5222
5225
5227
5230
5234
5236
5241
5243
5249
5252
5253
5262
5263
5266
5268
5273
5276
5279
5284
5289
5295
5299
5300
5306
5311
5321
5322
5324
5325
5331
5333
5335
5338
5342
5343
5346
5353
5355
5357
5359
5372
5375
5376
5378
5381
5384
5387
5389
5394
5396
5399
5403
5412
5413
5418
5419
5424
5426
5432
5439
5441
5444
5449
5454
5456
5463
5465
5473
5483
5485
5490
5493
5496
5497
5500
5502
5507
5510
5514
5515
5520
5522
5526
5528
5534
5535
5541
5545
5549
5560
5564
5577
5580
5584
5586
5590
5599
5607
5608
5614
5620
5636
5639
5643
5648
5656
5659
5673
5675
5677
5682
5687
5698
5705
5710
5711
5716
5720
5722
5725
5730
5731
5739
5741
5742
5751
5756
5757
5761
5777
5780
5785
5789
5794
5803
5805
5808
5810
5813
5816
5818
5822
5824
5827
5829
5830
5833
5838
5850
5856
5864
5871
5874
5877
5878
5881
5883
5889
5893
5895
5904
5910
5914
5921
5925
5928
5935
5936
5939
5943
5945
5949
5951
5955
5959
5965
5969
5974
5976
5980
5990
5992
5997
6000
6003
6007
6008
6010
6012
6014
6019
6020
6025
6026
6030
6033
6035
6036
6040
6041
6044
6049
6052
6055
6058
6059
6061
6062
6066
6069
6076
6077
6084
6086
6088
6089
6101
6111
6114
6120
6130
6133
6137
6148
6151
6153
6156
6160
6165
6167
6172
6176
6179
6180
6186
6194
6198
6203
6206
6207
6211
6213
6216
6220
6223
6228
6230
6231
6237
6240
6243
6244
6248
6251
6253
6255
6256
6260
6265
6267
6275
6276
6278
6281
6284
6288
6290
6291
6301
6303
6309
6311
6312
6319
6326
6332
6344
6346
6347
6349
6351
6354
6357
6363
6364
6372
6376
6377
6385
6388
6390
6393
6396
6398
6404
6408
6412
6420
6425
6426
6434
6438
6439
6442
6443
6445
6450
6454
6455
6457
6459
6462
6467
6469
6474
6475
6479
6480
6484
6485
6488
6490
6493
6494
6499
6508
6518
6520
6524
6525
6529
6532
6533
6538
6544
6546
6548
6552
6557
6558
6563
6564
6567
6570
6573
6576
6578
6580
6581
6587
6589
6591
6592
6604
6606
6612
6616
6618
6619
6625
6626
6632
6636
6641
6643
6644
6649
6650
6652
6657
6659
6663
6664
6674
6678
6680
6683
6686
6689
6690
6695
6696
6699
6703
6707
6709
6710
6712
6713
6718
6721
6725
6726
6728
6735
6736
6739
6740
6749
6750
6754
6757
6760
6762
6763
6772
6775
6777
6784
6785
6792
6795
6798
6811
6815
6821
6824
6832
6837
6839
6844
6847
6851
6853
6855
6857
6866
6867
6869
6873
6875
6880
6881
6885
6887
6890
6893
6895
6899
6900
6907
6908
6911
6917
6928
6931
6932
6936
6944
6952
6954
6957
6960
6961
6965
6967
6973
6974
6976
6979
6985
6986
6995
7001
7003
7005
7009
7013
7015
7018
7023
7026
7031
7033
7035
7038
7039
7042
7043
7045
7049
7050
7055
7061
7071
7073
7075
7077
7081
7082
7084
7086
7091
7097
7100
7111
7114
7119
7121
7124
7128
7137
7141
7143
7146
7148
7155
7156
7160
7164
7166
7169
7181
7190
7192
7196
7201
7202
7213
7216
7220
7221
7224
7232
7244
7246
7248
7251
7252
7255
7269
7274
7277
7281
7282
7289
7290
7303
7304
7316
7318
7324
7326
7330
7337
7338
7342
7344
7350
7356
7360
7365
7368
7370
7380
7383
7384
7391
7394
7398
7399
7405
7414
7423
7424
7429
7430
7435
7437
7438
7442
7447
7449
7459
7463
7464
7467
7469
7476
7477
7481
7487
7495
7496
7499
7501
7507
7514
7520
7522
7524
7525
7535
7536
7542
7545
7550
7556
7559
7561
7570
7574
7577
7579
7580
7583
7584
7587
7592
7599
7605
7607
7609
7617
7622
7625
7631
7635
7643
7646
7651
7653
7655
7658
7663
7664
7667
7668
7675
7677
7678
7684
7685
7688
7692
7695
7700
7702
7706
7708
7715
7717
7721
7727
7729
7733
7736
7743
7744
7750
7751
7754
7755
7758
7759
7768
7772
7774
7779
7785
7790
7792
7794
7798
7799
7807
7808
7811
7812
7814
7816
7819
7823
7831
7833
7837
7842
7854
7856
7857
7870
7874
7879
7882
7885
7895
7900
7907
7912
7913
7921
7923
7929
7931
7939
7940
7943
7945
7947
7950
7958
7959
7963
7965
7970
7971
7975
7978
7980
7985
7989
7993
7994
8000
8008
8009
8013
8016
8022
8023
8032
8034
8037
8038
8043
8047
8061
8064
8067
8069
8074
8077
8085
8088
8090
8094
8095
8097
8099
8101
8105
8110
8112
8115
8117
8122
8124
8125
8128
8131
8135
8136
8138
8142
8145
8147
8155
8158
8167
8169
8179
8184
8186
8188
8191
8196
8198
8206
8210
8214
8216
8220
8224
8226
8228
8230
8231
8244
8245
8247
8249
8252
8253
8260
8262
8265
8267
8269
8281
8286
8288
8293
8298
8301
8304
8307
8320
8325
8328
8330
8337
8340
8342
8344
8346
8347
8351
8354
8361
8365
8368
8373
8374
8379
8381
8386
8387
8392
8394
8396
8406
8410
8413
8415
8416
8422
8426
8429
8430
8432
8433
8435
8439
8445
8449
8453
8459
8463
8471
8478
8481
8483
8484
8491
8495
8498
8499
8502
8505
8513
8518
8519
8522
8523
8527
8531
8537
8541
8543
8547
8548
8553
8555
8562
8564
8569
8578
8582
8586
8589
8600
8603
8604
8608
8611
8613
8614
8624
8625
8631
8633
8636
8640
8643
8658
8660
8661
8666
8678
8683
8684
8690
8692
8696
8697
8699
8704
8705
8714
8716
8719
8723
8727
8728
8730
8741
8743
8749
8754
8756
8759
8769
8771
8772
8779
8781
8783
8786
8804
8807
8809
8823
8826
8833
8838
8839
8847
8848
8851
8853
8855
8856
8858
8860
8863
8864
8867
8868
8870
8876
8886
8889
8896
8897
8899
8905
8913
8914
8921
8923
8926
8927
8931
8932
8936
8937
8945
8946
8952
8953
8955
8956
8959
8961
8966
8969
8971
8972
8975
8977
8984
9002
9005
9009
9019
9021
9027
9031
9036
9038
9042
9043
9053
9055
9066
9069
9071
9075
9076
9088
9090
9093
9095
9099
9100
9103
9110
9118
9119
9129
9133
9134
9146
9148
9152
9154
9156
9162
9165
9169
9170
9173
9174
9186
9191
9194
9196
9202
9208
9215
9223
9224
9230
9231
9234
9235
9239
9240
9243
9245
9248
9249
9253
9254
9256
9257
9259
9264
9266
9270
9271
9273
9282
9285
9288
9293
9296
9303
9306
9312
9315
9318
9321
9326
9329
9333
9334
9337
9341
9345
9346
9350
9351
9354
9356
9358
9367
9370
9372
9374
9385
9387
9394
9401
9402
9416
9424
9429
9430
9433
9435
9442
9446
9447
9451
9453
9459
9464
9479
9480
9482
9484
9489
9490
9493
9495
9498
9506
9511
9519
9526
9533
9536
9546
9559
9561
9566
9567
9571
9574
9587
9593
9594
9598
9605
9617
9622
9625
9626
9633
9634
9636
9638
9642
9643
9650
9653
9659
9661
9664
9665
9673
9674
9681
9682
9688
9693
9699
9702
9705
9707
9714
9721
9722
9733
9741
9744
9745
9750
9753
9757
9763
9766
9770
9775
9782
9786
9797
9800
9809
9812
9813
9815
9817
9822
9823
9831
9836
9838
9843
9845
9848
9852
9860
9861
9869
9871
9873
9874
9881
9900
9908
9912
9913
9918
9922
9924
9928
9932
9937
9939
9949
9951
9953
9954
9959
9962
9964
9965
9967
9968
9977
9983
9989
9994
10001
Closing down connection...
