java  MultithreadedClient
11
13
15
16
20
21
28
31
32
40
43
50
52
60
61
64
72
75
80
82
83
93
94
100
103
104
111
113
115
121
124
131
133
136
138
146
148
152
153
162
165
166
168
173
174
177
178
180
183
185
187
188
191
199
211
212
222
223
229
231
235
237
240
245
250
251
255
256
258
259
266
271
272
275
285
288
289
292
296
299
300
303
305
307
310
322
335
336
339
340
343
344
348
350
352
356
359
363
364
366
369
378
380
382
387
389
391
394
396
403
404
407
410
418
420
422
425
436
437
439
440
443
444
448
453
456
459
461
465
469
470
477
478
480
485
490
496
499
508
510
513
518
523
526
528
529
533
534
543
548
551
555
557
558
562
564
567
570
574
576
579
581
584
587
593
596
601
602
604
606
608
610
615
620
636
647
652
656
657
666
672
675
677
679
680
682
685
692
694
697
700
705
707
708
713
714
716
719
721
722
732
736
739
745
747
749
753
758
761
762
767
768
771
780
785
787
791
801
806
808
811
812
816
819
822
827
830
833
834
839
843
844
849
851
853
856
862
863
878
879
882
886
890
893
895
898
901
905
907
919
920
924
925
927
928
930
931
942
943
947
948
950
953
958
962
963
968
971
975
980
984
987
998
1002
1004
1005
1012
1015
1022
1023
1030
1035
1042
1044
1046
1050
1055
1060
1063
1065
1067
1069
1071
1075
1076
1079
1082
1087
1088
1090
1091
1094
1097
1099
1102
1107
1109
1112
1113
1116
1118
1121
1122
1127
1132
1137
1138
1140
1144
1149
1154
1161
1162
1164
1167
1172
1173
1176
1178
1186
1188
1193
1196
1198
1201
1202
1206
1210
1213
1220
1222
1224
1234
1235
1240
1245
1252
1256
1262
1264
1274
1276
1279
1282
1285
1290
1292
1297
1301
1302
1304
1305
1309
1316
1322
1325
1329
1330
1334
1335
1342
1344
1348
1356
1362
1366
1367
1369
1375
1381
1383
1386
1387
1391
1393
1396
1408
1409
1415
1417
1423
1428
1431
1434
1438
1439
1448
1453
1455
1475
1484
1486
1491
1498
1499
1501
1503
1506
1510
1514
1515
1520
1522
1523
1535
1536
1549
1554
1555
1557
1563
1567
1574
1577
1578
1580
1582
1587
1589
1590
1594
1601
1603
1607
1612
1613
1615
1620
1624
1625
1628
1630
1635
1637
1641
1642
1646
1650
1654
1658
1668
1671
1673
1678
1683
1686
1687
1691
1692
1695
1696
1707
1710
1712
1713
1718
1719
1726
1729
1732
1734
1740
1741
1747
1749
1752
1755
1758
1761
1766
1767
1772
1776
1794
1795
1806
1807
1810
1814
1817
1818
1823
1825
1826
1831
1833
1838
1841
1845
1848
1854
1857
1865
1866
1870
1871
1875
1877
1881
1882
1888
1890
1896
1898
1902
1905
1913
1915
1919
1920
1922
1923
1925
1929
1934
1935
1937
1938
1941
1942
1946
1947
1951
1953
1955
1956
1960
1961
1966
1967
1970
1972
1977
1980
1983
1986
1988
1995
1999
2008
2011
2015
2021
2022
2035
2038
2051
2053
2057
2058
2060
2063
2065
2069
2071
2075
2084
2087
2090
2092
2095
2102
2106
2118
2127
2137
2139
2141
2146
2157
2159
2168
2177
2179
2182
2185
2187
2188
2197
2200
2204
2207
2213
2215
2216
2221
2224
2225
2230
2232
2237
2239
2241
2243
2245
2247
2249
2254
2256
2279
2280
2285
2287
2290
2292
2294
2304
2305
2307
2309
2311
2314
2316
2318
2321
2326
2332
2340
2341
2347
2351
2352
2354
2358
2360
2363
2365
2369
2380
2385
2392
2396
2398
2403
2408
2422
2424
2430
2431
2433
2436
2437
2441
2443
2445
2453
2455
2459
2460
2468
2471
2473
2474
2481
2482
2484
2487
2492
2497
2502
2505
2518
2521
2528
2532
2534
2537
2547
2549
2552
2555
2556
2563
2565
2568
2569
2575
2579
2584
2586
2588
2592
2601
2607
2609
2614
2616
2619
2623
2626
2628
2640
2642
2645
2652
2656
2662
2665
2671
2672
2686
2696
2701
2703
2708
2710
2712
2715
2716
2718
2719
2725
2732
2735
2738
2742
2743
2745
2746
2756
2757
2763
2767
2773
2775
2779
2781
2783
2784
2788
2791
2795
2797
2799
2805
2806
2808
2810
2826
2837
2839
2846
2850
2851
2855
2856
2865
2866
2871
2872
2874
2876
2881
2886
2891
2894
2897
2902
2904
2910
2914
2922
2925
2927
2933
2934
2937
2940
2942
2945
2952
2954
2958
2961
2964
2968
2978
2979
2985
2986
2989
2991
2995
3002
3005
3009
3010
3017
3023
3025
3027
3032
3037
3045
3047
3050
3052
3055
3057
3070
3071
3084
3086
3089
3092
3098
3100
3101
3104
3113
3118
3120
3124
3127
3129
3133
3135
3136
3138
3142
3143
3146
3147
3151
3154
3158
3164
3168
3169
3180
3181
3183
3184
3192
3194
3197
3200
3201
3203
3206
3214
3217
3219
3220
3228
3229
3233
3235
3241
3247
3255
3257
3272
3278
3285
3290
3291
3296
3297
3306
3310
3313
3324
3327
3332
3334
3343
3354
3356
3360
3366
3374
3384
3389
3391
3399
3400
3402
3408
3411
3412
3415
3420
3429
3430
3436
3440
3450
3456
3458
3465
3468
3469
3474
3478
3485
3487
3492
3497
3498
3500
3501
3507
3508
3510
3515
3523
3526
3531
3534
3537
3545
3547
3552
3558
3560
3564
3565
3569
3570
3577
3579
3581
3585
3588
3589
3591
3596
3599
3603
3609
3614
3615
3617
3620
3626
3628
3633
3636
3643
3645
3649
3651
3654
3658
3660
3664
3666
3670
3675
3681
3684
3689
3691
3694
3696
3699
3701
3705
3710
3711
3716
3717
3726
3738
3749
3755
3766
3770
3771
3784
3788
3792
3793
3796
3799
3800
3803
3804
3811
3812
3815
3818
3822
3823
3825
3827
3829
3832
3835
3837
3842
3845
3846
3851
3854
3863
3875
3891
3897
3903
3905
3909
3911
3916
3927
3930
3933
3935
3937
3940
3952
3955
3957
3963
3971
3977
3979
3985
3991
3994
3996
3997
4004
4005
4007
4010
4013
4016
4024
4026
4029
4041
4043
4046
4064
4070
4071
4074
4076
4081
4083
4089
4092
4094
4098
4108
4111
4112
4115
4118
4123
4126
4129
4133
4138
4140
4144
4148
4152
4154
4158
4161
4165
4167
4171
4174
4178
4179
4184
4186
4188
4192
4193
4197
4199
4204
4206
4210
4219
4221
4222
4224
4225
4232
4237
4238
4244
4246
4252
4255
4261
4265
4268
4275
4277
4284
4294
4299
4301
4304
4307
4308
4310
4323
4330
4332
4336
4337
4339
4340
4343
4347
4348
4352
4353
4360
4362
4364
4367
4368
4370
4372
4375
4381
4386
4392
4396
4401
4403
4406
4409
4415
4420
4422
4425
4427
4431
4433
4437
4440
4442
4447
4449
4450
4466
4470
4477
4486
4487
4510
4515
4518
4521
4523
4524
4526
4530
4532
4537
4538
4544
4552
4555
4556
4562
4564
4567
4571
4573
4577
4581
4593
4601
4603
4607
4608
4614
4615
4621
4625
4626
4630
4632
4635
4636
4640
4641
4644
4654
4660
4663
4672
4675
4683
4688
4691
4694
4696
4704
4705
4709
4711
4714
4715
4720
4724
4730
4737
4738
4741
4745
4746
4749
4752
4755
4760
4762
4763
4767
4770
4777
4779
4786
4791
4793
4798
4805
4808
4809
4814
4818
4821
4826
4827
4830
4832
4838
4841
4849
4859
4861
4863
4866
4871
4878
4879
4888
4897
4908
4909
4914
4916
4918
4921
4931
4934
4940
4942
4948
4949
4952
4954
4965
4971
4975
4978
4984
4985
4994
5007
5013
5014
5018
5020
5024
5026
5028
5031
5032
5035
5037
5041
5044
5047
5049
5055
5059
5068
5070
5078
5082
5084
5085
5091
5095
5097
5102
5103
5108
5117
5120
5123
5125
5127
5129
5132
5133
5143
5144
5146
5149
5154
5155
5162
5163
5166
5168
5169
5174
5177
5181
5187
5190
5192
5196
5198
5203
5209
5220
5221
5224
5225
5228
5229
5235
5236
5244
5246
5258
5259
5266
5269
5274
5277
5283
5285
5286
5289
5293
5297
5298
5301
5304
5305
5315
5317
5321
5323
5324
5326
5329
5340
5342
5347
5350
5353
5356
5358
5360
5367
5368
5375
5379
5383
5386
5390
5393
5396
5397
5405
5407
5408
5410
5414
5418
5421
5425
5433
5438
5440
5442
5446
5447
5449
5451
5455
5457
5464
5465
5469
5479
5481
5485
5486
5495
5503
5507
5508
5514
5515
5518
5520
5523
5526
5528
5538
5540
5542
5545
5548
5549
5551
5554
5555
5557
5558
5565
5569
5573
5574
5580
5582
5587
5588
5590
5596
5603
5606
5609
5617
5621
5623
5625
5626
5629
5630
5634
5638
5640
5652
5653
5656
5659
5665
5666
5671
5673
5676
5677
5685
5686
5694
5697
5698
5706
5708
5712
5715
5718
5722
5728
5729
5743
5746
5752
5754
5756
5759
5761
5765
5768
5770
5771
5776
5777
5780
5783
5785
5791
5795
5800
5802
5805
5807
5817
5818
5821
5826
5827
5831
5832
5835
5836
5838
5840
5842
5861
5864
5865
5872
5882
5889
5892
5895
5897
5898
5902
5904
5908
5911
5914
5916
5921
5924
5927
5929
5930
5933
5935
5943
5944
5953
5954
5959
5963
5968
5969
5975
5980
5984
5990
5993
5998
6002
6003
6012
6021
6029
6032
6035
6037
6038
6050
6051
6055
6057
6058
6065
6067
6070
6075
6080
6088
6090
6093
6095
6097
6101
6102
6108
6112
6116
6118
6119
6122
6123
6128
6131
6136
6141
6144
6145
6147
6150
6159
6160
6166
6170
6172
6173
6183
6186
6188
6191
6199
6201
6205
6209
6215
6216
6218
6219
6222
6225
6227
6228
6232
6237
6247
6248
6252
6255
6261
6264
6275
6276
6284
6289
6297
6299
6305
6308
6311
6320
6328
6329
6343
6345
6351
6355
6363
6364
6367
6369
6372
6378
6383
6384
6386
6389
6392
6393
6395
6398
6399
6401
6405
6409
6411
6416
6420
6421
6425
6426
6428
6431
6432
6437
6440
6443
6450
6451
6462
6463
6470
6472
6474
6482
6485
6488
6491
6496
6497
6502
6506
6507
6513
6516
6517
6519
6521
6525
6526
6531
6533
6537
6538
6543
6547
6550
6551
6557
6559
6564
6566
6567
6581
6583
6586
6590
6591
6594
6598
6603
6607
6609
6611
6615
6616
6622
6627
6629
6630
6648
6650
6651
6665
6675
6678
6682
6690
6692
6696
6699
6703
6704
6707
6708
6718
6723
6735
6737
6741
6742
6746
6748
6757
6763
6765
6770
6774
6781
6783
6788
6789
6798
6801
6805
6811
6813
6817
6823
6825
6833
6836
6838
6840
6854
6858
6860
6868
6871
6874
6875
6881
6884
6888
6892
6894
6899
6901
6904
6909
6917
6918
6922
6924
6927
6929
6932
6939
6941
6954
6956
6958
6962
6970
6971
6975
6976
6986
6988
6995
6998
6999
7001
7003
7006
7008
7013
7017
7018
7021
7030
7033
7034
7040
7046
7048
7051
7055
7058
7063
7065
7068
7070
7071
7085
7086
7094
7095
7100
7103
7108
7112
7115
7118
7120
7122
7123
7126
7129
7134
7135
7137
7139
7141
7145
7146
7149
7150
7153
7156
7161
7164
7165
7169
7172
7179
7182
7191
7193
7198
7199
7203
7206
7209
7212
7216
7218
7220
7223
7224
7227
7229
7232
7235
7239
7241
7245
7248
7249
7252
7254
7259
7261
7263
7271
7273
7275
7277
7284
7287
7288
7291
7292
7299
7305
7307
7311
7313
7315
7323
7325
7333
7335
7341
7342
7347
7348
7369
7372
7377
7380
7382
7389
7390
7395
7399
7402
7404
7407
7409
7410
7413
7416
7419
7420
7432
7433
7438
7442
7443
7449
7454
7456
7458
7459
7461
7464
7467
7470
7478
7483
7490
7494
7501
7503
7507
7510
7534
7535
7540
7549
7552
7555
7558
7567
7571
7572
7583
7588
7592
7594
7604
7608
7609
7612
7615
7633
7638
7640
7646
7650
7651
7660
7664
7679
7680
7685
7687
7690
7691
7696
7701
7706
7710
7713
7716
7718
7722
7724
7726
7741
7746
7750
7754
7755
7758
7760
7763
7768
7771
7774
7784
7789
7791
7792
7795
7799
7803
7804
7806
7810
7813
7817
7823
7824
7838
7839
7847
7849
7853
7854
7856
7857
7859
7861
7863
7865
7868
7871
7877
7879
7889
7891
7892
7896
7910
7913
7915
7918
7927
7929
7932
7935
7938
7941
7943
7947
7956
7960
7961
7969
7971
7972
7978
7979
7982
7985
7986
7992
7996
7999
8002
8006
8013
8015
8017
8020
8029
8034
8036
8040
8042
8044
8048
8049
8054
8057
8058
8061
8064
8067
8069
8073
8074
8076
8077
8083
8086
8091
8094
8101
8107
8115
8123
8125
8132
8134
8141
8145
8146
8151
8153
8157
8162
8165
8167
8170
8172
8178
8179
8185
8189
8191
8194
8197
8202
8206
8207
8213
8216
8219
8222
8226
8232
8237
8238
8244
8246
8251
8258
8259
8264
8266
8269
8276
8278
8281
8283
8286
8289
8291
8292
8295
8299
8301
8304
8305
8308
8309
8312
8313
8323
8324
8328
8329
8333
8335
8345
8349
8357
8359
8360
8365
8367
8378
8380
8392
8396
8401
8403
8407
8409
8410
8423
8426
8429
8430
8435
8438
8442
8443
8460
8466
8472
8473
8479
8482
8488
8493
8496
8503
8504
8511
8512
8515
8518
8525
8527
8541
8543
8546
8556
8558
8559
8566
8567
8570
8575
8578
8581
8582
8585
8592
8595
8596
8598
8601
8609
8613
8616
8618
8620
8623
8624
8628
8629
8648
8652
8661
8665
8670
8671
8677
8682
8684
8687
8692
8697
8699
8701
8706
8709
8710
8719
8721
8725
8728
8735
8736
8742
8744
8747
8751
8757
8761
8762
8768
8769
8785
8792
8793
8799
8805
8810
8811
8816
8818
8826
8828
8831
8836
8838
8843
8855
8863
8868
8871
8880
8889
8894
8896
8902
8907
8909
8913
8915
8916
8918
8919
8922
8926
8928
8929
8932
8933
8938
8940
8942
8949
8955
8958
8962
8965
8966
8971
8975
8977
8981
8986
8988
8991
8993
9000
9005
9011
9015
9021
9025
9026
9029
9031
9033
9036
9044
9054
9056
9057
9062
9067
9069
9071
9079
9081
9084
9087
9088
9090
9091
9093
9102
9114
9117
9121
9123
9129
9131
9132
9135
9142
9146
9149
9150
9155
9157
9170
9171
9174
9178
9180
9181
9184
9185
9189
9191
9194
9195
9199
9200
9203
9205
9207
9208
9213
9214
9216
9219
9222
9224
9226
9228
9232
9233
9241
9243
9246
9249
9254
9256
9266
9267
9276
9277
9286
9288
9291
9298
9302
9303
9312
9313
9315
9316
9320
9321
9326
9330
9337
9339
9343
9349
9353
9357
9361
9362
9364
9370
9373
9380
9383
9387
9388
9390
9391
9397
9400
9405
9407
9408
9412
9415
9418
9423
9424
9434
9436
9437
9443
9445
9450
9453
9454
9457
9459
9460
9462
9463
9466
9467
9471
9475
9477
9480
9481
9487
9490
9493
9494
9497
9499
9501
9507
9512
9520
9522
9524
9526
9530
9531
9534
9536
9538
9544
9547
9549
9553
9560
9565
9571
9576
9584
9586
9591
9592
9594
9597
9599
9600
9605
9607
9612
9614
9617
9618
9620
9625
9631
9633
9642
9644
9649
9650
9653
9655
9656
9662
9667
9687
9689
9691
9695
9700
9703
9709
9713
9715
9716
9718
9720
9722
9726
9730
9731
9736
9737
9740
9748
9750
9756
9758
9760
9766
9768
9774
9775
9779
9780
9782
9783
9786
9789
9795
9799
9808
9810
9812
9813
9818
9819
9824
9825
9828
9829
9834
9839
9843
9845
9848
9850
9853
9859
9862
9866
9868
9870
9872
9876
9877
9881
9890
9892
9893
9895
9896
9898
9900
9906
9909
9910
9916
9920
9928
9933
9941
9943
9946
9950
9958
9960
9968
9970
9975
9980
9983
9985
9988
9989
9991
9992
9995
9996
10000
Closing down connection...
