4
8
10
13
15
19
21
23
25
30
31
35
36
39
41
44
45
49
52
57
58
65
70
72
74
76
79
82
84
86
88
91
93
95
97
102
107
112
114
117
121
123
125
128
130
132
134
136
139
143
146
148
150
152
155
158
160
163
165
169
171
174
175
178
179
186
188
191
194
197
200
202
204
207
210
213
216
218
220
222
224
226
228
230
232
234
237
238
240
243
245
248
250
252
254
256
258
260
263
266
268
271
272
274
276
279
281
283
285
288
292
294
296
300
301
306
308
310
314
316
319
321
323
326
331
336
337
342
344
348
351
353
355
358
361
363
366
368
371
373
375
377
381
383
385
387
390
394
396
398
401
403
405
407
409
412
414
416
418
420
424
427
428
430
432
434
440
444
445
448
453
456
457
460
461
464
465
467
471
472
474
477
481
483
485
487
491
492
496
498
500
503
506
511
513
515
517
519
522
523
526
528
533
535
538
539
543
544
548
550
553
555
557
559
561
563
565
568
572
574
577
579
581
583
585
587
590
592
595
596
598
601
602
609
611
613
618
621
622
627
632
635
637
641
642
645
647
651
654
658
660
663
665
668
670
672
675
677
680
683
685
687
690
691
693
695
698
700
703
706
708
710
716
719
721
725
728
729
733
735
737
742
744
746
750
752
757
760
762
764
766
771
774
776
779
781
785
787
789
791
793
797
799
801
803
805
808
812
814
818
819
824
826
829
833
835
838
841
843
848
852
854
856
858
860
863
866
868
870
873
876
879
882
883
886
887
890
891
894
895
897
899
901
903
909
911
915
918
919
923
925
928
934
936
938
942
945
947
950
952
959
960
963
965
968
970
972
975
978
981
984
987
990
991
995
998
1000
1004
1005
1008
1009
1011
1014
1016
1019
1022
1023
1027
1029
1031
1033
1037
1040
1041
1045
1046
1050
1053
1055
1058
1060
1063
1065
1067
1069
1073
1075
1078
1081
1083
1085
1089
1091
1093
1095
1097
1100
1101
1103
1105
1107
1112
1114
1116
1118
1121
1123
1125
1128
1131
1132
1134
1137
1139
1145
1146
1149
1152
1153
1155
1158
1161
1164
1165
1168
1172
1174
1177
1179
1181
1184
1185
1190
1191
1193
1195
1198
1201
1203
1205
1209
1211
1214
1215
1218
1219
1223
1224
1227
1229
1231
1235
1236
1240
1243
1245
1247
1250
1251
1253
1255
1257
1262
1263
1268
1269
1271
1274
1278
1281
1284
1288
1290
1293
1295
1297
1300
1304
1307
1309
1312
1315
1318
1320
1322
1324
1328
1331
1333
1335
1337
1341
1343
1345
1348
1350
1355
1358
1360
1364
1366
1371
1373
1377
1379
1382
1385
1388
1391
1392
1397
1398
1400
1402
1404
1407
1409
1414
1416
1418
1422
1426
1429
1432
1433
1437
1440
1443
1446
1447
1450
1452
1454
1456
1458
1460
1462
1464
1467
1469
1473
1475
1478
1481
1482
1486
1490
1491
1494
1495
1498
1500
1503
1505
1507
1509
1512
1514
1517
1518
1521
1522
1527
1529
1531
1534
1537
1538
1543
1545
1548
1550
1552
1555
1559
1565
1569
1572
1574
1577
1578
1582
1584
1587
1590
1592
1594
1596
1598
1600
1603
1606
1607
1612
1618
1620
1623
1624
1627
1631
1634
1639
1642
1645
1648
1650
1653
1655
1658
1660
1663
1665
1667
1672
1673
1675
1679
1682
1684
1686
1690
1691
1695
1697
1701
1703
1705
1708
1712
1714
1717
1729
1732
1734
1736
1738
1740
1743
1744
1748
1749
1753
1756
1759
1761
1763
1765
1767
1769
1772
1774
1777
1779
1782
1783
1785
1788
1791
1793
1795
1798
1801
1805
1808
1810
1814
1816
1818
1821
1824
1827
1829
1832
1836
1839
1841
1843
1845
1847
1851
1854
1857
1858
1860
1864
1866
1868
1870
1877
1878
1884
1886
1890
1892
1895
1896
1899
1901
1906
1908
1910
1912
1914
1916
1920
1925
1929
1932
1934
1937
1939
1942
1945
1949
1953
1955
1958
1959
1961
1963
1965
1967
1970
1972
1974
1976
1978
1980
1983
1987
1989
1992
1994
1996
1999
2001
2003
2005
2010
2011
2014
2016
2019
2021
2024
2025
2028
2031
2033
2035
2038
2041
2045
2046
2048
2050
2052
2056
2057
2059
2062
2065
2068
2070
2073
2075
2077
2079
2081
2084
2088
2090
2094
2098
2100
2102
2105
2107
2110
2112
2115
2118
2119
2121
2123
2127
2128
2130
2132
2134
2137
2139
2141
2144
2146
2149
2153
2154
2157
2158
2160
2163
2164
2166
2169
2171
2175
2177
2179
2182
2186
2187
2189
2193
2195
2198
2199
2203
2204
2208
2209
2211
2213
2217
2219
2221
2223
2226
2227
2229
2232
2234
2239
2241
2246
2249
2254
2255
2258
2261
2265
2267
2270
2272
2276
2277
2281
2285
2288
2289
2294
2295
2297
2299
2301
2303
2306
2309
2311
2313
2316
2317
2323
2325
2327
2329
2331
2333
2336
2339
2340
2344
2346
2348
2352
2354
2356
2358
2360
2362
2364
2366
2370
2372
2374
2376
2378
2380
2382
2384
2387
2388
2391
2393
2399
2401
2403
2408
2411
2413
2417
2420
2422
2424
2429
2430
2433
2435
2437
2440
2442
2445
2447
2449
2451
2453
2457
2458
2460
2462
2465
2467
2471
2472
2476
2478
2483
2485
2489
2491
2493
2495
2500
2502
2505
2510
2513
2516
2518
2521
2524
2527
2529
2532
2534
2540
2541
2545
2546
2548
2550
2553
2554
2558
2560
2564
2566
2568
2570
2573
2575
2579
2581
2584
2586
2588
2590
2592
2594
2597
2600
2601
2603
2605
2607
2609
2612
2617
2618
2620
2622
2627
2628
2632
2634
2637
2639
2642
2644
2647
2648
2650
2653
2656
2657
2660
2662
2664
2667
2669
2673
2675
2677
2680
2681
2683
2685
2690
2692
2695
2698
2701
2705
2707
2712
2715
2718
2720
2722
2724
2728
2730
2734
2735
2737
2739
2742
2744
2746
2748
2750
2755
2756
2759
2761
2765
2766
2768
2771
2773
2775
2777
2780
2782
2784
2787
2789
2792
2796
2800
2802
2804
2806
2808
2811
2813
2816
2818
2820
2822
2824
2829
2831
2833
2836
2838
2840
2842
2844
2846
2849
2850
2852
2855
2860
2861
2864
2866
2868
2870
2873
2875
2877
2880
2881
2883
2885
2888
2890
2893
2896
2898
2900
2904
2907
2913
2915
2918
2921
2923
2926
2931
2933
2936
2937
2940
2945
2947
2950
2953
2955
2957
2960
2965
2967
2970
2971
2974
2976
2981
2983
2985
2987
2989
2992
2994
2996
2998
3000
3002
3006
3010
3012
3015
3016
3019
3021
3023
3025
3029
3031
3037
3038
3041
3042
3046
3050
3052
3054
3056
3058
3061
3065
3068
3070
3072
3075
3077
3079
3081
3084
3088
3092
3093
3096
3099
3100
3107
3109
3111
3113
3119
3120
3123
3125
3128
3131
3133
3136
3139
3143
3145
3148
3150
3154
3157
3160
3161
3163
3166
3168
3171
3174
3177
3179
3182
3183
3189
3190
3192
3194
3196
3198
3200
3203
3205
3212
3216
3219
3222
3226
3227
3230
3231
3233
3235
3237
3240
3243
3249
3250
3253
3255
3257
3259
3261
3264
3267
3268
3270
3273
3274
3276
3278
3283
3284
3287
3289
3293
3296
3299
3302
3303
3308
3311
3313
3315
3317
3319
3321
3323
3327
3329
3331
3333
3335
3337
3340
3346
3347
3351
3352
3354
3356
3359
3360
3362
3366
3367
3369
3371
3373
3376
3377
3380
3384
3388
3389
3391
3394
3395
3401
3404
3405
3408
3411
3412
3414
3417
3419
3424
3427
3429
3432
3435
3437
3443
3444
3448
3450
3453
3454
3457
3461
3464
3466
3469
3471
3473
3475
3477
3480
3484
3487
3489
3491
3493
3495
3497
3499
3501
3503
3506
3507
3510
3513
3516
3518
3521
3524
3525
3528
3529
3531
3534
3536
3539
3540
3542
3545
3546
3551
3554
3557
3559
3561
3565
3567
3569
3571
3574
3576
3578
3580
3583
3586
3587
3590
3594
3597
3599
3602
3604
3607
3611
3614
3615
3619
3622
3624
3630
3632
3634
3636
3638
3641
3642
3644
3646
3648
3650
3652
3654
3658
3661
3664
3666
3668
3670
3672
3674
3676
3678
3680
3683
3686
3689
3691
3694
3695
3699
3700
3704
3706
3708
3710
3714
3715
3717
3719
3722
3723
3726
3728
3737
3739
3741
3744
3745
3750
3752
3756
3760
3763
3764
3766
3769
3771
3775
3778
3781
3782
3786
3788
3791
3793
3796
3800
3802
3805
3806
3809
3813
3815
3817
3819
3822
3825
3826
3831
3833
3838
3841
3842
3844
3847
3849
3852
3854
3858
3860
3863
3867
3870
3871
3874
3879
3883
3885
3887
3889
3891
3894
3896
3900
3903
3906
3908
3910
3913
3920
3922
3924
3926
3930
3931
3934
3936
3938
3940
3942
3945
3948
3951
3954
3956
3958
3960
3962
3964
3966
3968
3970
3973
3975
3977
3981
3984
3986
3989
3991
3993
3995
3997
3999
4001
4004
4007
4011
4013
4015
4017
4019
4023
4026
4030
4032
4034
4036
4038
4042
4044
4047
4053
4054
4056
4059
4062
4065
4068
4070
4072
4074
4078
4081
4082
4084
4087
4089
4091
4097
4098
4100
4104
4105
4109
4111
4113
4116
4118
4121
4123
4125
4128
4130
4132
4134
4136
4139
4141
4143
4145
4147
4153
4155
4159
4161
4164
4169
4171
4173
4176
4178
4182
4184
4188
4191
4198
4200
4202
4205
4206
4209
4210
4213
4216
4218
4220
4223
4226
4228
4231
4237
4239
4241
4243
4247
4249
4252
4256
4258
4260
4263
4264
4266
4268
4271
4272
4275
4277
4279
4282
4283
4287
4289
4291
4294
4295
4298
4302
4303
4305
4307
4309
4311
4313
4315
4318
4322
4325
4327
4330
4335
4337
4339
4341
4343
4345
4347
4350
4352
4355
4357
4363
4366
4368
4371
4373
4376
4378
4381
4383
4385
4387
4391
4394
4397
4398
4400
4403
4404
4406
4408
4410
4416
4417
4419
4422
4424
4428
4431
4433
4435
4438
4440
4442
4444
4447
4449
4451
4455
4456
4461
4463
4466
4467
4470
4471
4475
4478
4480
4482
4485
4486
4490
4493
4495
4498
4500
4503
4504
4507
4510
4512
4515
4518
4521
4526
4528
4530
4532
4536
4537
4540
4542
4544
4546
4549
4551
4554
4556
4562
4564
4566
4569
4572
4575
4576
4583
4586
4590
4591
4594
4595
4598
4601
4602
4605
4606
4610
4611
4614
4616
4619
4620
4622
4624
4630
4633
4636
4638
4642
4645
4647
4649
4651
4654
4657
4662
4663
4665
4667
4670
4673
4675
4677
4679
4681
4683
4685
4688
4689
4692
4695
4697
4702
4704
4707
4709
4711
4713
4716
4718
4721
4724
4726
4728
4731
4732
4734
4738
4741
4742
4744
4746
4749
4755
4758
4761
4762
4766
4770
4773
4774
4779
4782
4784
4787
4789
4793
4795
4798
4801
4802
4805
4808
4810
4812
4815
4817
4819
4822
4826
4828
4830
4833
4834
4838
4841
4844
4846
4849
4850
4853
4854
4858
4859
4861
4863
4865
4869
4870
4875
4878
4880
4883
4884
4887
4890
4894
4896
4898
4902
4904
4907
4909
4912
4913
4919
4921
4925
4927
4930
4932
4934
4936
4938
4941
4942
4944
4948
4951
4952
4954
4957
4959
4961
4963
4966
4968
4970
4973
4974
4979
4982
4983
4985
4988
4991
4993
4996
4997
5001
5005
5006
5010
5013
5016
5021
5023
5028
5029
5033
5034
5036
5038
5040
5042
5044
5046
5048
5050
5053
5055
5057
5059
5062
5063
5067
5070
5072
5075
5078
5082
5084
5088
5090
5096
5102
5105
5107
5109
5113
5115
5118
5124
5126
5130
5133
5134
5137
5138
5141
5142
5144
5146
5149
5150
5152
5155
5157
5159
5161
5164
5166
5168
5170
5172
5174
5176
5178
5180
5182
5185
5187
5189
5191
5193
5195
5197
5201
5203
5207
5208
5211
5212
5214
5216
5219
5220
5224
5226
5230
5233
5235
5237
5239
5242
5244
5247
5250
5252
5254
5256
5259
5261
5264
5266
5269
5271
5273
5275
5277
5279
5281
5283
5286
5292
5294
5298
5299
5302
5307
5308
5313
5314
5318
5319
5321
5324
5325
5329
5331
5333
5339
5340
5347
5351
5353
5355
5358
5360
5362
5366
5368
5373
5375
5377
5379
5381
5385
5390
5394
5396
5399
5402
5403
5405
5408
5410
5413
5416
5417
5419
5422
5426
5430
5432
5434
5438
5439
5443
5446
5448
5450
5452
5457
5460
5461
5465
5467
5470
5471
5474
5476
5479
5482
5484
5489
5491
5494
5496
5499
5502
5504
5506
5508
5510
5512
5516
5518
5520
5522
5524
5527
5528
5530
5533
5536
5538
5542
5545
5552
5555
5557
5559
5562
5566
5571
5573
5575
5578
5580
5582
5584
5587
5589
5592
5594
5597
5599
5603
5605
5609
5613
5615
5618
5621
5623
5628
5631
5637
5639
5642
5643
5651
5654
5656
5659
5661
5664
5667
5669
5671
5675
5676
5680
5682
5687
5690
5692
5694
5696
5698
5701
5703
5705
5708
5709
5711
5713
5717
5719
5722
5725
5727
5734
5735
5740
5744
5746
5750
5751
5754
5756
5758
5760
5763
5765
5767
5772
5773
5775
5777
5779
5781
5784
5785
5789
5790
5795
5797
5800
5801
5808
5810
5813
5816
5818
5821
5823
5826
5828
5831
5836
5838
5840
5843
5845
5849
5853
5855
5858
5859
5861
5865
5867
5871
5873
5875
5878
5879
5883
5884
5886
5888
5890
5892
5896
5899
5901
5903
5905
5907
5909
5914
5918
5921
5923
5926
5932
5935
5938
5941
5943
5950
5952
5958
5959
5964
5965
5968
5969
5974
5975
5978
5980
5987
5989
5991
5993
5995
5997
6000
6003
6005
6007
6012
6015
6017
6020
6022
6027
6031
6033
6035
6037
6040
6044
6047
6050
6053
6054
6057
6059
6061
6063
6067
6069
6071
6074
6079
6082
6084
6087
6089
6091
6093
6095
6098
6102
6104
6107
6111
6113
6115
6117
6120
6122
6125
6130
6134
6136
6138
6142
6146
6149
6153
6158
6161
6164
6167
6169
6172
6174
6177
6180
6182
6184
6186
6188
6190
6193
6198
6200
6202
6207
6208
6210
6212
6215
6218
6220
6222
6225
6227
6229
6232
6234
6237
6239
6243
6246
6248
6250
6257
6258
6263
6264
6268
6270
6279
6281
6283
6286
6287
6289
6293
6297
6301
6304
6305
6307
6311
6313
6319
6321
6328
6329
6332
6339
6341
6343
6345
6348
6350
6354
6357
6360
6362
6366
6367
6369
6371
6373
6375
6378
6384
6387
6388
6390
6393
6395
6397
6399
6403
6404
6407
6409
6413
6415
6417
6419
6422
6427
6428
6432
6434
6441
6443
6447
6452
6457
6459
6462
6463
6465
6468
6469
6473
6475
6478
6480
6483
6484
6491
6493
6497
6498
6506
6507
6511
6513
6517
6518
6520
6522
6524
6526
6529
6531
6534
6536
6539
6541
6543
6547
6549
6552
6554
6556
6558
6561
6563
6566
6568
6570
6573
6575
6577
6579
6582
6584
6586
6589
6590
6592
6594
6596
6599
6603
6605
6607
6611
6613
6615
6618
6619
6621
6625
6626
6629
6633
6637
6638
6642
6644
6646
6648
6651
6653
6657
6658
6662
6665
6669
6670
6675
6678
6680
6682
6684
6688
6690
6692
6694
6696
6698
6701
6703
6706
6708
6710
6713
6714
6717
6722
6723
6727
6728
6731
6733
6738
6739
6744
6746
6749
6752
6755
6756
6759
6761
6763
6765
6768
6772
6773
6777
6779
6785
6787
6793
6794
6801
6802
6808
6810
6812
6814
6816
6818
6820
6822
6824
6827
6829
6831
6834
6835
6838
6840
6842
6844
6846
6848
6852
6855
6858
6859
6861
6863
6865
6867
6870
6872
6874
6876
6879
6887
6888
6892
6896
6899
6901
6905
6908
6910
6913
6916
6920
6922
6924
6927
6928
6931
6933
6935
6938
6940
6944
6946
6951
6960
6963
6967
6969
6971
6974
6976
6978
6980
6982
6984
6986
6989
6991
6995
6999
7001
7003
7006
7008
7012
7016
7020
7024
7025
7027
7029
7031
7033
7036
7037
7043
7047
7048
7051
7054
7056
7060
7062
7067
7069
7071
7073
7076
7078
7082
7083
7086
7089
7092
7094
7096
7099
7104
7106
7108
7111
7113
7115
7118
7120
7122
7125
7127
7131
7132
7136
7137
7139
7142
7145
7146
7149
7150
7153
7155
7157
7159
7161
7163
7166
7168
7170
7172
7174
7177
7181
7183
7187
7188
7190
7195
7198
7201
7202
7206
7210
7211
7214
7216
7220
7222
7226
7228
7230
7234
7236
7238
7241
7244
7246
7249
7250
7253
7255
7257
7260
7263
7264
7266
7268
7270
7273
7275
7277
7279
7282
7285
7286
7289
7292
7293
7296
7297
7299
7303
7305
7308
7312
7314
7316
7320
7324
7325
7328
7329
7331
7334
7337
7339
7343
7344
7347
7350
7351
7353
7356
7358
7363
7366
7369
7372
7374
7377
7379
7382
7385
7386
7388
7391
7393
7398
7401
7403
7406
7408
7413
7414
7417
7418
7420
7423
7425
7427
7429
7432
7433
7435
7437
7439
7441
7443
7446
7448
7450
7453
7456
7457
7460
7463
7465
7467
7469
7472
7475
7478
7480
7482
7485
7487
7489
7491
7493
7495
7497
7499
7501
7503
7505
7508
7510
7515
7517
7521
7522
7525
7527
7530
7532
7534
7540
7542
7546
7549
7551
7553
7555
7558
7560
7562
7564
7566
7568
7573
7575
7577
7580
7581
7583
7586
7588
7590
7592
7594
7596
7598
7600
7602
7604
7606
7608
7611
7612
7614
7616
7619
7621
7624
7628
7630
7632
7638
7639
7643
7644
7649
7651
7656
7657
7663
7665
7669
7672
7674
7676
7679
7682
7684
7686
7689
7691
7694
7695
7698
7699
7702
7703
7705
7707
7709
7711
7713
7716
7718
7721
7722
7727
7728
7731
7732
7735
7738
7743
7746
7749
7751
7754
7757
7761
7762
7766
7769
7770
7772
7775
7777
7779
7781
7785
7786
7790
7791
7793
7795
7797
7799
7802
7805
7808
7811
7813
7816
7820
7825
7827
7829
7833
7836
7838
7841
7842
7845
7847
7849
7852
7855
7860
7864
7868
7870
7873
7876
7878
7882
7885
7888
7891
7894
7896
7900
7903
7907
7912
7914
7917
7919
7922
7924
7927
7929
7932
7934
7936
7940
7943
7949
7952
7954
7957
7958
7960
7962
7964
7967
7969
7971
7973
7975
7977
7979
7981
7984
7986
7988
7990
7992
7995
7997
7999
8001
8007
8009
8011
8013
8017
8018
8020
8023
8025
8030
8032
8034
8038
8039
8041
8043
8045
8047
8050
8054
8057
8061
8063
8066
8067
8069
8071
8073
8075
8078
8080
8082
8085
8087
8091
8092
8094
8098
8099
8101
8105
8107
8109
8112
8114
8116
8120
8121
8124
8125
8128
8131
8133
8135
8137
8140
8141
8143
8145
8148
8152
8154
8162
8164
8167
8170
8172
8179
8182
8186
8188
8190
8193
8196
8198
8202
8203
8206
8209
8212
8215
8217
8219
8221
8224
8225
8229
8234
8239
8241
8244
8245
8248
8251
8252
8254
8256
8259
8261
8264
8265
8268
8271
8273
8276
8278
8280
8282
8286
8288
8293
8295
8297
8299
8302
8304
8308
8309
8312
8314
8319
8321
8323
8327
8331
8335
8339
8341
8343
8347
8350
8353
8356
8358
8362
8364
8366
8368
8371
8374
8376
8380
8383
8385
8387
8389
8392
8395
8397
8401
8404
8408
8411
8414
8415
8418
8421
8423
8427
8428
8430
8432
8437
8439
8441
8444
8446
8448
8452
8454
8456
8459
8462
8465
8467
8471
8472
8474
8476
8478
8480
8483
8489
8492
8494
8496
8498
8500
8503
8506
8508
8510
8512
8515
8517
8519
8522
8524
8527
8530
8534
8535
8538
8540
8543
8544
8548
8550
8554
8555
8560
8562
8564
8567
8569
8571
8574
8575
8578
8579
8583
8585
8587
8591
8593
8596
8599
8600
8602
8604
8606
8608
8611
8613
8615
8617
8620
8621
8624
8629
8630
8633
8635
8637
8639
8642
8644
8647
8650
8651
8654
8658
8660
8663
8666
8667
8671
8674
8677
8678
8680
8683
8684
8687
8690
8692
8694
8696
8701
8702
8704
8707
8710
8712
8714
8717
8718
8722
8727
8729
8731
8734
8736
8740
8742
8745
8747
8749
8752
8753
8755
8757
8759
8761
8765
8766
8770
8774
8776
8779
8782
8785
8786
8788
8790
8793
8797
8800
8803
8807
8812
8814
8817
8819
8824
8826
8828
8830
8832
8838
8840
8845
8850
8852
8854
8856
8862
8863
8866
8869
8873
8875
8877
8880
8883
8884
8887
8888
8890
8892
8894
8896
8898
8902
8905
8907
8909
8913
8915
8918
8919
8922
8924
8926
8928
8930
8933
8934
8939
8940
8942
8945
8946
8948
8950
8953
8955
8957
8959
8961
8963
8966
8970
8973
8980
8981
8984
8988
8991
8994
8995
8998
8999
9005
9008
9010
9014
9018
9020
9022
9024
9026
9028
9033
9036
9037
9039
9042
9044
9046
9049
9057
9060
9061
9064
9065
9070
9072
9074
9078
9081
9087
9088
9090
9093
9094
9097
9099
9103
9105
9107
9109
9113
9116
9119
9120
9123
9125
9127
9131
9132
9136
9138
9140
9144
9145
9147
9151
9154
9159
9161
9163
9166
9170
9172
9175
9176
9180
9182
9184
9187
9189
9192
9194
9198
9199
9202
9204
9207
9212
9214
9216
9219
9221
9223
9225
9228
9230
9232
9236
9239
9242
9244
9246
9249
9253
9257
9258
9260
9262
9264
9266
9270
9272
9274
9277
9281
9283
9285
9288
9290
9293
9296
9298
9300
9302
9304
9307
9311
9312
9314
9317
9320
9323
9326
9327
9331
9333
9335
9337
9339
9341
9344
9347
9352
9354
9357
9360
9366
9367
9369
9371
9375
9376
9379
9382
9384
9389
9391
9393
9395
9397
9399
9401
9404
9405
9409
9412
9414
9417
9418
9421
9423
9426
9429
9434
9436
9439
9440
9444
9447
9451
9452
9454
9456
9459
9460
9464
9465
9469
9471
9473
9475
9477
9479
9481
9484
9486
9488
9490
9493
9495
9497
9500
9502
9504
9506
9508
9511
9512
9517
9519
9522
9526
9528
9530
9532
9534
9536
9538
9542
9544
9546
9548
9551
9554
9557
9561
9565
9566
9568
9570
9574
9577
9579
9582
9584
9586
9590
9594
9598
9600
9602
9604
9606
9608
9610
9612
9614
9617
9618
9621
9623
9625
9628
9634
9636
9640
9643
9644
9646
9648
9651
9653
9655
9657
9659
9663
9666
9669
9670
9675
9676
9678
9680
9683
9686
9688
9690
9692
9694
9697
9702
9703
9706
9708
9710
9712
9715
9716
9720
9724
9725
9728
9729
9736
9737
9740
9742
9746
9750
9752
9756
9759
9762
9765
9767
9770
9773
9775
9783
9784
9790
9792
9796
9798
9800
9802
9804
9807
9811
9813
9816
9818
9821
9824
9826
9830
9832
9834
9838
9839
9843
9845
9847
9849
9853
9855
9857
9860
9862
9864
9867
9870
9871
9873
9875
9879
9881
9884
9888
9891
9894
9898
9899
9903
9907
9909
9911
9913
9915
9917
9920
9923
9928
9930
9933
9936
9938
9940
9943
9944
9949
9950
9953
9956
9959
9960
9963
9965
9969
9970
9972
9975
9977
9979
9983
9985
9990
9993
9994
9997
10000
10003
10004
10007
10009
10012
10014
10017
10018
10021
10024
10029
10031
10033
10036
10037
10040
10041
10045
10048
10050
10052
10054
10056
10059
10061
10064
10067
10072
10074
10078
10082
10084
10088
10093
10096
10099
10103
10105
10107
10110
10112
10117
10119
10123
10126
10129
10132
10133
10135
10137
10141
10144
10146
10148
10150
10153
10155
10157
10160
10166
10170
10172
10174
10177
10181
10182
10184
10186
10189
10190
10193
10194
10196
10198
10202
10203
10206
10209
10211
10213
10216
10218
10220
10223
10226
10228
10231
10232
10236
10238
10240
10244
10245
10248
10250
10257
10258
10260
10262
10264
10266
10268
10270
10272
10275
10278
10281
10284
10285
10287
10289
10292
10294
10296
10298
10300
10306
10308
10311
10312
10315
10316
10318
10320
10323
10326
10329
10332
10335
10338
10341
10343
10347
10349
10352
10358
10359
10362
10364
10367
10368
10371
10374
10375
10378
10380
10383
10385
10388
10393
10397
10399
10401
10403
10405
10408
10410
10414
10415
10418
10419
10423
10427
10430
10432
10434
10437
10442
10444
10446
10449
10454
10457
10459
10461
10463
10465
10467
10469
10471
10474
10477
10479
10484
10487
10490
10493
10495
10497
10502
10503
10505
10507
10510
10514
10515
10520
10525
10528
10530
10532
10534
10537
10540
10541
10543
10545
10548
10553
10555
10557
10559
10561
10564
10566
10569
10571
10577
10579
10582
10586
10587
10590
10593
10597
10599
10602
10606
10610
10613
10614
10616
10618
10622
10623
10626
10628
10630
10633
10636
10640
10642
10644
10647
10649
10654
10656
10658
10660
10663
10665
10668
10670
10673
10675
10679
10681
10683
10685
10687
10690
10692
10694
10696
10699
10701
10703
10705
10707
10711
10714
10717
10719
10722
10724
10727
10730
10732
10734
10737
10739
10741
10744
10745
10747
10749
10751
10753
10756
10758
10760
10765
10767
10770
10774
10775
10777
10780
10782
10784
10787
10788
10793
10798
10801
10805
10807
10809
10813
10816
10820
10821
10823
10825
10827
10829
10832
10834
10836
10838
10842
10843
10848
10850
10852
10855
10857
10860
10865
10867
10869
10871
10873
10875
10877
10880
10881
10886
10889
10892
10895
10896
10898
10900
10903
10906
10907
10910
10912
10916
10920
10921
10926
10927
10930
10933
10937
10938
10940
10943
10946
10950
10952
10954
10957
10959
10961
10964
10966
10968
10974
10977
10979
10981
10983
10985
10988
10989
10991
10995
10998
11001
11003
11005
11009
11011
11014
11016
11019
11021
11024
11025
11027
11029
11033
11035
11037
11039
11042
11044
11046
11054
11057
11060
11062
11065
11067
11069
11072
11075
11077
11080
11082
11084
11089
11091
11093
11095
11097
11099
11102
11104
11106
11109
11111
11113
11115
11117
11119
11123
11124
11127
11128
11132
11134
11137
11138
11141
11143
11145
11148
11152
11154
11158
11161
11162
11166
11167
11170
11173
11175
11177
11180
11181
11185
11186
11189
11191
11193
11195
11198
11200
11203
11206
11208
11210
11213
11215
11218
11221
11222
11226
11229
11231
11233
11236
11238
11240
11242
11245
11248
11249
11252
11254
11257
11260
11262
11266
11269
11272
11274
11277
11278
11283
11285
11287
11289
11291
11293
11295
11298
11301
11305
11307
11310
11311
11313
11315
11321
Closing down connection...
