3
6
9
11
15
17
20
22
25
27
29
31
34
37
38
40
42
45
48
50
52
56
59
61
65
68
71
73
77
78
84
86
89
91
93
95
97
100
102
104
107
108
110
114
116
119
121
124
131
132
137
138
144
145
148
149
152
155
159
161
163
167
168
171
173
175
178
181
183
189
191
194
197
199
202
205
208
212
214
216
218
220
222
226
228
232
233
235
237
239
241
244
245
247
251
254
261
264
267
270
273
274
276
279
280
284
287
289
291
293
295
297
300
301
304
306
308
310
312
315
317
320
323
325
328
329
332
335
337
339
341
344
345
348
349
351
353
355
358
361
364
367
370
373
374
377
380
382
385
387
389
391
393
397
400
403
405
408
410
413
415
419
421
423
425
428
429
431
433
435
437
440
442
446
447
451
453
456
458
460
467
468
471
474
475
477
479
484
485
489
492
497
499
502
505
507
509
511
513
516
519
521
523
525
530
531
533
535
537
539
546
548
550
552
555
557
561
564
565
568
569
572
573
577
579
581
583
585
587
589
592
593
597
598
601
603
606
608
611
613
617
620
621
623
626
627
631
635
638
641
644
646
649
652
656
659
663
666
670
674
677
680
681
683
685
687
694
696
700
701
708
710
712
719
720
723
724
727
731
733
736
737
741
742
749
751
756
758
760
762
764
768
769
772
775
783
784
786
789
791
793
796
799
803
807
810
813
815
817
819
821
823
826
827
830
832
835
836
838
842
845
848
850
853
855
858
860
862
866
867
872
875
876
880
883
884
886
888
892
894
899
902
906
908
912
914
919
920
922
924
928
931
934
936
938
940
944
946
948
950
953
957
959
962
964
967
971
974
975
977
979
981
984
986
989
992
994
996
998
1001
1003
1006
1008
1010
1012
1014
1017
1020
1022
1024
1028
1030
1034
1035
1040
1041
1043
1045
1048
1052
1054
1056
1059
1061
1065
1070
1072
1076
1078
1081
1082
1087
1090
1091
1093
1095
1098
1099
1101
1104
1106
1109
1112
1113
1115
1117
1119
1122
1123
1125
1130
1131
1133
1135
1141
1143
1145
1148
1150
1153
1155
1157
1160
1161
1164
1166
1169
1171
1173
1176
1178
1180
1182
1185
1187
1191
1193
1195
1197
1201
1203
1206
1208
1211
1213
1216
1218
1224
1225
1227
1231
1232
1237
1239
1243
1244
1246
1248
1253
1255
1259
1261
1263
1266
1268
1270
1273
1275
1279
1282
1284
1286
1289
1291
1293
1295
1298
1299
1301
1304
1306
1309
1310
1313
1315
1317
1319
1323
1324
1326
1329
1331
1333
1335
1337
1341
1343
1345
1347
1350
1352
1354
1356
1358
1362
1365
1369
1374
1377
1379
1382
1384
1386
1390
1393
1395
1397
1399
1401
1404
1407
1410
1412
1415
1417
1419
1421
1423
1425
1428
1429
1437
1439
1441
1443
1445
1447
1449
1451
1454
1455
1459
1460
1465
1467
1470
1473
1475
1480
1481
1483
1485
1489
1492
1494
1496
1500
1502
1505
1507
1509
1511
1513
1516
1517
1519
1521
1523
1527
1529
1531
1535
1537
1539
1541
1544
1546
1549
1551
1554
1555
1558
1560
1562
1564
1566
1568
1570
1574
1575
1580
1582
1584
1588
1591
1594
1595
1597
1599
1601
1603
1607
1611
1613
1615
1618
1620
1623
1625
1629
1632
1636
1637
1643
1645
1647
1650
1651
1656
1660
1662
1664
1666
1668
1672
1676
1678
1682
1684
1686
1688
1693
1695
1698
1699
1701
1703
1705
1708
1710
1712
1715
1717
1719
1721
1723
1725
1727
1729
1731
1733
1735
1742
1744
1746
1748
1751
1754
1756
1758
1760
1762
1765
1766
1770
1772
1778
1779
1782
1784
1786
1788
1790
1795
1798
1801
1806
1808
1812
1813
1817
1822
1823
1825
1827
1830
1834
1835
1839
1841
1843
1849
1851
1853
1855
1857
1860
1864
1865
1867
1869
1873
1874
1876
1878
1880
1882
1886
1889
1891
1894
1896
1898
1900
1905
1907
1910
1913
1917
1921
1925
1928
1929
1931
1933
1938
1943
1946
1948
1951
1953
1955
1958
1961
1966
1967
1970
1973
1977
1979
1982
1983
1985
1988
1989
1991
1993
1997
2000
2001
2005
2006
2011
2013
2016
2019
2021
2024
2025
2031
2032
2036
2038
2040
2042
2044
2046
2049
2050
2053
2054
2056
2058
2060
2063
2065
2067
2070
2073
2076
2078
2081
2084
2089
2091
2094
2095
2097
2099
2101
2103
2108
2111
2117
2119
2125
2127
2131
2132
2134
2138
2139
2142
2143
2146
2148
2150
2152
2155
2157
2159
2164
2167
2172
2173
2175
2178
2181
2185
2186
2189
2195
2197
2199
2202
2204
2207
2209
2211
2213
2218
2221
2225
2227
2230
2232
2238
2240
2243
2245
2247
2249
2251
2253
2255
2259
2260
2262
2265
2268
2271
2275
2279
2281
2284
2286
2289
2291
2293
2295
2302
2304
2306
2308
2314
2317
2319
2321
2323
2325
2327
2329
2331
2333
2335
2339
2343
2347
2348
2350
2353
2354
2357
2360
2363
2364
2366
2368
2372
2374
2376
2378
2381
2385
2387
2389
2393
2396
2398
2400
2404
2405
2408
2410
2413
2417
2423
2427
2430
2432
2434
2439
2442
2443
2446
2447
2449
2451
2453
2455
2461
2466
2468
2470
2473
2474
2476
2480
2482
2484
2488
2490
2496
2498
2501
2503
2509
2511
2514
2517
2518
2520
2523
2527
2529
2531
2534
2536
2540
2542
2545
2547
2550
2552
2555
2556
2559
2561
2563
2567
2568
2570
2572
2574
2576
2578
2582
2583
2585
2587
2590
2592
2594
2598
2601
2602
2606
2608
2611
2612
2615
2616
2618
2620
2624
2627
2628
2630
2633
2636
2638
2643
2645
2647
2650
2651
2653
2657
2659
2663
2666
2670
2673
2675
2678
2680
2684
2686
2690
2692
2694
2697
2700
2702
2704
2706
2709
2710
2712
2714
2716
2719
2721
2726
2728
2730
2732
2734
2736
2739
2740
2744
2747
2748
2750
2756
2758
2760
2763
2765
2767
2769
2772
2773
2778
2779
2781
2783
2786
2788
2790
2793
2794
2797
2798
2802
2803
2805
2808
2810
2815
2817
2820
2821
2824
2827
2829
2831
2834
2836
2838
2840
2843
2845
2849
2853
2855
2857
2861
2864
2869
2871
2873
2878
2879
2884
2885
2887
2890
2892
2894
2898
2901
2903
2906
2908
2910
2913
2914
2916
2919
2922
2923
2925
2927
2930
2931
2933
2936
2937
2939
2941
2943
2945
2947
2949
2951
2953
2955
2957
2960
2961
2965
2967
2970
2972
2975
2977
2979
2981
2985
2990
2996
2997
2999
3002
3004
3006
3008
3010
3013
3016
3020
3022
3026
3027
3031
3035
3037
3040
3042
3045
3048
3051
3053
3057
3058
3061
3062
3064
3066
3069
3070
3072
3076
3078
3080
3082
3085
3086
3089
3091
3093
3095
3105
3107
3109
3112
3115
3117
3122
3123
3125
3127
3130
3132
3134
3136
3138
3140
3142
3145
3148
3152
3153
3156
3159
3161
3163
3165
3167
3171
3172
3175
3178
3180
3182
3185
3186
3189
3191
3193
3195
3199
3201
3203
3206
3207
3211
3213
3217
3221
3224
3226
3232
3233
3236
3237
3242
3245
3248
3251
3254
3259
3264
3265
3270
3272
3274
3278
3279
3283
3285
3288
3291
3293
3295
3297
3300
3302
3306
3307
3311
3313
3315
3318
3320
3326
3330
3332
3334
3339
3340
3343
3345
3347
3350
3355
3359
3362
3364
3367
3369
3371
3375
3377
3379
3381
3383
3386
3389
3390
3392
3394
3397
3399
3401
3404
3406
3409
3411
3415
3416
3418
3421
3422
3426
3430
3432
3436
3439
3441
3443
3446
3449
3452
3453
3455
3458
3460
3464
3467
3469
3472
3475
3479
3481
3484
3485
3487
3489
3491
3493
3497
3500
3503
3504
3507
3509
3512
3514
3517
3520
3522
3524
3528
3531
3532
3534
3538
3539
3541
3543
3546
3548
3550
3552
3556
3560
3562
3565
3568
3570
3573
3575
3577
3579
3581
3583
3585
3587
3590
3591
3594
3598
3601
3605
3609
3613
3614
3619
3622
3623
3625
3627
3629
3631
3633
3635
3637
3639
3641
3643
3645
3647
3650
3651
3654
3655
3657
3659
3661
3665
3666
3669
3670
3674
3676
3679
3681
3683
3685
3687
3689
3691
3694
3695
3700
3702
3704
3707
3709
3711
3714
3717
3719
3721
3725
3728
3729
3732
3733
3737
3739
3742
3743
3747
3750
3751
3754
3758
3762
3764
3770
3774
3776
3778
3780
3782
3785
3787
3789
3791
3793
3796
3798
3802
3805
3807
3809
3813
3814
3817
3820
3821
3824
3826
3828
3831
3833
3835
3837
3839
3842
3844
3846
3849
3853
3855
3857
3859
3862
3864
3866
3868
3870
3876
3879
3882
3884
3886
3891
3892
3894
3897
3899
3902
3907
3908
3910
3916
3919
3922
3923
3925
3927
3930
3932
3934
3936
3938
3941
3944
3947
3949
3951
3954
3956
3958
3961
3962
3967
3968
3970
3973
3975
3977
3982
3984
3986
3988
3991
3993
3997
3999
4001
4003
4006
4009
4013
4014
4016
4018
4020
4027
4028
4033
4034
4037
4042
4044
4047
4050
4051
4053
4055
4058
4059
4064
4066
4071
4073
4077
4078
4082
4083
4089
4091
4094
4096
4099
4101
4104
4106
4108
4111
4114
4116
4118
4121
4125
4128
4130
4132
4135
4136
4138
4141
4146
4148
4151
4154
4156
4158
4162
4164
4166
4170
4171
4174
4177
4179
4181
4184
4186
4189
4191
4193
4196
4198
4201
4202
4206
4207
4212
4214
4217
4219
4221
4223
4226
4230
4231
4234
4237
4239
4241
4243
4246
4251
4254
4257
4259
4261
4265
4267
4270
4273
4274
4277
4279
4284
4288
4290
4293
4295
4300
4306
4308
4310
4313
4315
4319
4321
4323
4326
4328
4330
4333
4334
4337
4339
4342
4345
4347
4349
4351
4354
4355
4358
4361
4364
4366
4369
4371
4375
4376
4378
4380
4382
4385
4389
4391
4395
4398
4401
4404
4406
4409
4410
4414
4415
4419
4423
4426
4429
4431
4433
4435
4438
4441
4442
4444
4447
4449
4451
4454
4455
4462
4467
4468
4475
4479
4481
4483
4486
4491
4492
4494
4496
4498
4502
4503
4507
4510
4512
4515
4516
4521
4524
4529
4531
4533
4535
4537
4540
4542
4546
4548
4550
4553
4554
4556
4558
4560
4562
4564
4566
4569
4570
4572
4574
4577
4580
4584
4587
4590
4591
4594
4596
4598
4600
4602
4604
4607
4608
4610
4612
4615
4617
4619
4621
4623
4625
4627
4631
4632
4634
4638
4640
4644
4646
4648
4650
4653
4654
4656
4658
4661
4662
4667
4669
4671
4673
4676
4679
4681
4684
4686
4689
4692
4693
4696
4697
4702
4704
4708
4709
4712
4714
4716
4718
4721
4723
4726
4728
4730
4734
4737
4739
4741
4743
4746
4749
4757
4759
4761
4763
4767
4769
4771
4774
4775
4778
4780
4782
4785
4787
4789
4793
4795
4799
4800
4803
4806
4808
4811
4813
4815
4818
4819
4822
4824
4826
4828
4830
4833
4838
4843
4845
4849
4853
4855
4860
4867
4868
4871
4875
4877
4880
4881
4884
4885
4889
4890
4894
4896
4900
4904
4907
4909
4911
4915
4916
4918
4920
4923
4924
4929
4931
4933
4936
4937
4939
4941
4943
4945
4947
4950
4952
4954
4957
4961
4966
4968
4970
4972
4976
4978
4980
4982
4985
4988
4989
4992
4993
4996
4998
5000
5004
5007
5009
5014
5017
5019
5021
5026
5028
5030
5032
5034
5036
5039
5043
5046
5048
5053
5056
5057
5059
5062
5063
5066
5068
5071
5072
5075
5079
5082
5085
5087
5089
5091
5093
5095
5097
5099
5103
5105
5107
5109
5111
5114
5116
5118
5120
5123
5125
5127
5130
5132
5134
5137
5138
5141
5143
5145
5149
5151
5153
5156
5157
5160
5163
5165
5169
5171
5174
5176
5179
5180
5185
5189
5190
5193
5197
5199
5201
5204
5207
5209
5212
5214
5216
5220
5222
5225
5228
5231
5233
5236
5238
5241
5243
5246
5249
5251
5254
5256
5259
5261
5265
5268
5270
5272
5274
5276
5278
5281
5283
5286
5289
5291
5294
5297
5300
5302
5305
5307
5310
5313
5315
5318
5323
5325
5327
5332
5333
5336
5338
5341
5344
5346
5348
5350
5352
5357
5359
5363
5365
5367
5369
5373
5376
5377
5379
5382
5384
5386
5389
5394
5397
5399
5402
5406
5409
5412
5413
5416
5419
5420
5422
5426
5429
5431
5433
5435
5437
5443
5445
5447
5449
5452
5453
5455
5457
5459
5461
5465
5466
5469
5471
5475
5476
5480
5481
5484
5487
5489
5491
5497
5498
5500
5502
5506
5508
5510
5513
5514
5518
5521
5524
5528
5530
5533
5537
5543
5545
5547
5551
5552
5556
5559
5562
5564
5569
5572
5575
5576
5578
5580
5582
5584
5587
5589
5592
5593
5595
5597
5599
5602
5605
5609
5611
5613
5615
5617
5619
5622
5624
5627
5629
5632
5635
5639
5640
5642
5644
5648
5649
5652
5653
5658
5659
5663
5665
5667
5669
5672
5673
5676
5678
5680
5683
5686
5689
5692
5695
5696
5700
5702
5704
5707
5709
5713
5715
5718
5720
5722
5727
5728
5731
5733
5736
5739
5742
5744
5747
5748
5751
5754
5756
5761
5762
5766
5768
5770
5772
5774
5779
5782
5784
5786
5788
5790
5792
5794
5797
5799
5801
5804
5806
5808
5810
5812
5814
5817
5819
5822
5824
5829
5831
5834
5837
5840
5843
5845
5847
5850
5852
5855
5860
5861
5863
5865
5867
5869
5872
5875
5877
5879
5882
5883
5886
5888
5890
5896
5898
5902
5903
5906
5909
5913
5916
5917
5922
5925
5927
5930
5933
5936
5938
5940
5943
5946
5948
5951
5953
5955
5960
5962
5964
5967
5970
5972
5974
5978
5980
5982
5988
5991
5993
5995
5997
5999
6002
6005
6006
6008
6010
6012
6014
6016
6018
6020
6022
6025
6026
6029
6030
6033
6037
6038
6040
6043
6047
6052
6054
6056
6061
6062
6066
6067
6072
6075
6076
6080
6082
6084
6086
6088
6090
6093
6096
6097
6100
6102
6107
6109
6111
6115
6116
6122
6123
6125
6128
6130
6132
6135
6136
6138
6141
6143
6145
6149
6151
6157
6162
6164
6166
6168
6170
6172
6175
6176
6179
6180
6184
6186
6189
6191
6196
6197
6200
6201
6204
6207
6212
6215
6216
6218
6220
6224
6226
6229
6231
6234
6236
6238
6241
6245
6250
6252
6255
6258
6259
6262
6263
6266
6268
6270
6273
6274
6277
6280
6283
6285
6287
6289
6291
6296
6298
6300
6302
6305
6306
6308
6310
6312
6314
6316
6318
6320
6323
6325
6328
6330
6333
6335
6339
6343
6347
6349
6352
6354
6357
6359
6361
6363
6365
6367
6369
6371
6374
6376
6378
6380
6383
6386
6389
6390
6392
6394
6396
6398
6401
6402
6406
6408
6412
6414
6418
6421
6423
6426
6427
6429
6432
6435
6437
6441
6444
6446
6449
6450
6453
6455
6457
6459
6463
6464
6469
6470
6472
6474
6476
6478
6480
6482
6484
6486
6489
6490
6493
6495
6497
6499
6504
6508
6509
6512
6514
6518
6520
6522
6524
6527
6531
6534
6535
6537
6541
6542
6545
6548
6551
6555
6556
6560
6564
6566
6568
6573
6574
6577
6578
6581
6584
6586
6588
6590
6592
6595
6597
6600
6602
6606
6608
6610
6612
6615
6617
6621
6623
6625
6627
6629
6632
6634
6636
6638
6640
6644
6646
6651
6653
6657
6660
6662
6667
6669
6671
6673
6677
6680
6683
6686
6689
6691
6694
6697
6698
6700
6702
6704
6707
6709
6713
6716
6718
6722
6724
6731
6732
6734
6736
6738
6740
6742
6745
6750
6753
6755
6758
6760
6763
6764
6768
6772
6776
6778
6780
6784
6787
6793
6795
6798
6800
6802
6804
6808
6810
6812
6814
6816
6818
6822
6824
6827
6830
6832
6841
6843
6845
6847
6850
6853
6855
6857
6859
6862
6864
6866
6869
6872
6876
6878
6880
6882
6886
6887
6892
6895
6897
6899
6903
6905
6908
6910
6913
6917
6918
6920
6923
6926
6931
6933
6935
6939
6941
6945
6946
6950
6952
6955
6959
6961
6964
6966
6968
6971
6973
6977
6979
6982
6987
6990
6992
6994
6996
6998
7001
7003
7005
7007
7010
7014
7015
7019
7021
7025
7027
7030
7032
7035
7039
7042
7044
7047
7049
7051
7054
7057
7061
7064
7067
7068
7070
7073
7076
7079
7081
7085
7087
7091
7094
7096
7098
7102
7103
7108
7109
7111
7115
7117
7120
7122
7125
7127
7130
7138
7141
7143
7145
7149
7151
7153
7155
7157
7161
7163
7167
7169
7172
7173
7178
7180
7183
7185
7188
7192
7198
7200
7203
7205
7208
7210
7212
7214
7217
7219
7221
7223
7227
7230
7233
7236
7237
7240
7243
7244
7247
7248
7252
7255
7257
7259
7263
7264
7267
7269
7272
7273
7278
7279
7283
7284
7287
7289
7294
7295
7298
7299
7302
7304
7307
7310
7313
7314
7317
7319
7321
7324
7326
7328
7330
7332
7334
7336
7338
7340
7346
7349
7351
7354
7356
7360
7361
7364
7368
7369
7375
7376
7379
7385
7387
7390
7394
7397
7400
7404
7405
7408
7410
7412
7415
7417
7419
7423
7424
7426
7429
7431
7433
7435
7437
7439
7442
7444
7446
7448
7450
7453
7457
7461
7463
7466
7469
7472
7476
7477
7481
7486
7489
7491
7494
7498
7500
7503
7507
7510
7512
7516
7517
7521
7523
7525
7527
7529
7532
7536
7538
7541
7542
7545
7547
7553
7554
7558
7559
7561
7563
7565
7567
7570
7574
7577
7579
7581
7584
7586
7589
7590
7592
7594
7596
7598
7602
7603
7607
7608
7612
7614
7617
7618
7621
7623
7626
7628
7630
7633
7635
7638
7639
7641
7643
7645
7647
7650
7651
7653
7655
7658
7659
7663
7665
7668
7670
7672
7677
7678
7681
7686
7690
7692
7694
7696
7699
7701
7705
7706
7711
7714
7716
7718
7720
7722
7725
7728
7730
7732
7735
7738
7740
7743
7745
7748
7750
7752
7755
7757
7761
7765
7767
7769
7772
7773
7775
7777
7780
7783
7786
7790
7792
7795
7798
7801
7803
7805
7809
7810
7813
7815
7819
7821
7823
7825
7827
7829
7831
7833
7836
7839
7842
7845
7847
7849
7852
7853
7858
7859
7862
7864
7867
7869
7871
7874
7876
7880
7881
7884
7886
7888
7890
7893
7895
7900
7901
7903
7905
7907
7913
7914
7916
7918
7922
7924
7927
7931
7934
7935
7939
7940
7942
7944
7947
7949
7951
7953
7958
7963
7966
7969
7971
7974
7975
7977
7980
7984
7987
7990
7993
7996
7998
8000
8002
8004
8007
8009
8011
8014
8018
8019
8022
8024
8027
8029
8031
8035
8037
8042
8045
8048
8050
8055
8056
8060
8066
8068
8072
8073
8076
8077
8079
8081
8083
8085
8087
8089
8093
8096
8099
8101
8103
8105
8107
8109
8111
8114
8115
8119
8121
8124
8126
8128
8130
8132
8134
8137
8139
8142
8144
8146
8148
8150
8152
8155
8156
8159
8161
8164
8165
8167
8169
8171
8175
8177
8180
8181
8186
8188
8190
8193
8195
8199
8201
8204
8208
8210
8212
8214
8217
8219
8221
8225
8229
8231
8234
8235
8238
8240
8242
8244
8247
8249
8251
8253
8256
8260
8263
8266
8269
8271
8277
8278
8281
8282
8286
8289
8294
8296
8298
8300
8302
8305
8307
8310
8312
8316
8318
8320
8322
8324
8326
8330
8332
8334
8336
8338
8340
8343
8345
8347
8351
8352
8357
8358
8360
8363
8365
8368
8370
8373
8375
8379
8382
8384
8386
8389
8391
8393
8395
8398
8401
8403
8405
8408
8411
8413
8415
8418
8420
8423
8426
8431
8432
8435
8437
8439
8441
8443
8447
8449
8454
8456
8459
8460
8462
8464
8467
8469
8472
8474
8476
8481
8483
8485
8487
8489
8491
8493
8495
8497
8500
8502
8504
8506
8511
8513
8516
8518
8520
8528
8530
8532
8535
8537
8540
8544
8546
8548
8552
8554
8557
8559
8562
8566
8569
8570
8572
8574
8577
8580
8581
8584
8587
8590
8593
8598
8601
8604
8609
8612
8614
8616
8621
8622
8625
8627
8629
8632
8634
8637
8639
8643
8646
8648
8650
8652
8657
8661
8664
8666
8668
8671
8673
8682
8686
8689
8691
8693
8695
8699
8701
8704
8707
8708
8710
8712
8714
8716
8719
8721
8724
8725
8728
8730
8733
8735
8737
8739
8742
8743
8749
8751
8754
8756
8758
8760
8763
8764
8767
8769
8771
8773
8775
8778
8779
8781
8784
8785
8788
8789
8791
8793
8795
8797
8799
8801
8804
8806
8808
8810
8812
8814
8818
8820
8822
8825
8827
8829
8832
8834
8838
8839
8842
8844
8847
8848
8850
8852
8858
8859
8862
8864
8867
8869
8871
8874
8878
8879
8884
8886
8891
8893
8895
8899
8900
8906
8907
8909
8912
8914
8920
8922
8926
8928
8930
8932
8935
8936
8939
8941
8944
8945
8948
8950
8954
8956
8960
8963
8964
8968
8971
8973
8975
8977
8979
8981
8985
8988
8990
8992
8994
8997
9004
9005
9007
9009
9011
9015
9017
9021
9025
9026
9028
9030
9032
9035
9036
9038
9041
9044
9047
9049
9052
9053
9058
9059
9061
9063
9065
9069
9071
9074
9076
9083
9087
9088
9090
9093
9095
9097
9100
9101
9104
9106
9109
9113
9114
9119
9121
9123
9125
9128
9130
9132
9134
9137
9140
9142
9144
9150
9152
9157
9158
9164
9167
9169
9174
9176
9178
9180
9182
9186
9188
9190
9193
9195
9197
9200
9203
9205
9208
9211
9213
9217
9220
9224
9227
9230
9232
9235
9238
9245
9247
9250
9252
9254
9258
9259
9262
9264
9267
9269
9271
9273
9277
9278
9280
9282
9285
9288
9292
9293
9295
9297
9299
9302
9305
9306
9309
9310
9312
9314
9317
9319
9321
9323
9325
9328
9329
9331
9335
9337
9339
9341
9344
9347
9349
9352
9356
9357
9359
9361
9363
9365
9367
9370
9372
9374
9377
9379
9381
9385
9387
9389
9391
9394
9395
9398
9401
9404
9406
9409
9410
9413
9415
9418
9421
9423
9427
9428
9431
9434
9436
9438
9440
9442
9446
9447
9449
9451
9453
9457
9459
9461
9463
9465
9469
9470
9472
9475
9477
9479
9481
9483
9486
9490
9492
9494
9498
9500
9504
9506
9508
9514
9517
9520
9521
9523
9525
9528
9529
9531
9536
9537
9539
9541
9544
9554
9557
9558
9561
9564
9566
9569
9571
9573
9575
9578
9579
9581
9583
9587
9589
9592
9595
9598
9601
9605
9608
9611
9614
9616
9619
9622
9623
9625
9627
9630
9632
9634
9636
9639
9642
9644
9646
9649
9652
9653
9661
9662
9667
9668
9671
9672
9675
9677
9679
9681
9684
9685
9688
9689
9693
9696
9699
9706
9708
9711
9712
9714
9717
9719
9721
9724
9726
9729
9731
9735
9738
9741
9745
9747
9749
9752
9755
9758
9759
9763
9765
9768
9770
9772
9775
9779
9781
9783
9787
9790
9792
9794
9796
9798
9800
9804
9806
9809
9810
9813
9814
9817
9820
9821
9823
9826
9827
9830
9833
9836
9837
9841
9844
9846
9848
9850
9852
9855
9857
9860
9862
9864
9867
9868
9872
9874
9876
9878
9881
9882
9884
9889
9890
9893
9895
9898
9901
9906
9909
9912
9914
9916
9919
9921
9923
9927
9929
9932
9933
9938
9939
9941
9944
9947
9948
9952
9954
9956
9959
9963
9966
9969
9973
9975
9977
9980
9982
9987
9988
9990
9993
9996
9997
9999
10001
10005
10008
10010
10012
10014
10016
10019
10021
10023
10025
10027
10029
10034
10039
10043
10046
10048
10053
10057
10060
10063
10066
10068
10070
10074
10076
10078
10081
10083
10085
10087
10089
10091
10094
10096
10098
10100
10102
10105
10108
10110
10113
10115
10117
10120
10123
10124
10126
10129
10131
10135
10137
10139
10141
10143
10146
10149
10153
10155
10158
10159
10164
10166
10169
10171
10173
10177
10180
10182
10184
10189
10191
10194
10198
10204
10206
10208
10210
10212
10214
10216
10218
10220
10222
10227
10228
10231
10234
10238
10241
10242
10245
10249
10251
10254
10256
10258
10263
10264
10268
10271
10273
10276
10278
10281
10284
10285
10290
10292
10296
10298
10300
10302
10308
10309
10312
10314
10317
10320
10322
10325
10326
10328
10330
10332
10334
10336
10338
10341
10343
10345
10348
10349
10351
10353
10356
10360
10361
10364
10366
10370
10372
10374
10377
10380
10382
10384
10387
10390
10392
10395
10397
10400
10402
10404
10407
10411
10413
10416
10417
10420
10422
10425
10436
10437
10439
10441
10443
10446
10447
10452
10453
10456
10458
10460
10463
10466
10468
10473
10474
10477
10480
10481
10486
10490
10493
10495
10497
10502
10503
10508
10513
10516
10518
10522
10523
10525
10527
10532
10534
10536
10538
10540
10542
10544
10546
10549
10551
10554
10555
10561
10562
10565
10568
10572
10574
10576
10578
10583
10585
10588
10589
10592
10595
10599
10600
10603
10605
10607
10610
10613
10614
10616
10618
10621
10624
10626
10629
10632
10633
10635
10637
10640
10641
10643
10646
10648
10652
10654
10656
10658
10661
10665
10668
10672
10674
10680
10682
10684
10687
10689
10692
10695
10697
10700
10704
10708
10710
10712
10715
10717
10720
10723
10725
10727
10730
10731
10734
10736
10739
10741
10743
10747
10750
10753
10756
10758
10761
10763
10766
10768
10771
10775
10777
10779
10781
10783
10785
10788
10790
10792
10795
10798
10800
10802
10805
10808
10810
10812
10814
10817
10821
10823
10826
10827
10831
10833
10837
10838
10843
10845
10848
10850
10854
10857
10861
10863
10866
10868
10871
10874
10877
10879
10881
10883
10885
10888
10889
10891
10894
10897
10898
10901
10903
10906
10910
10912
10914
10918
10920
10925
10927
10930
10931
10935
10938
10941
10943
10945
10948
10949
10952
10954
10957
10961
10963
10966
10969
10970
10972
10974
10976
10978
10981
10985
10988
10989
10991
10994
10996
10998
11001
11005
11007
11011
11013
11016
11017
11022
11024
11027
11029
11032
11035
11036
11038
11040
11042
11044
11046
11049
11050
11054
11056
11059
11061
11063
11068
11070
11073
11075
11077
11080
11087
11089
11092
11093
11096
11098
11100
11102
11104
11106
11109
11110
11114
11116
11119
11120
11125
11127
11130
11132
11134
11137
11138
11140
11143
11144
11147
11149
11152
11153
11156
11158
11161
11162
11165
11167
11169
11171
11173
11177
11179
11183
11185
11187
11192
11195
11196
11200
11201
11205
11207
11210
11213
11215
11217
11219
11223
11225
11228
11231
11233
11236
11239
11240
11244
11246
11248
11250
11252
11255
11257
11259
11261
11264
11267
11271
11274
11278
11280
11284
11286
11288
11291
11293
11297
11299
11302
11305
11310
11311
11314
11317
Closing down connection...
