4
6
9
11
13
17
21
23
26
29
31
33
39
44
46
50
51
55
56
63
65
71
74
76
85
87
93
95
98
99
107
108
112
113
116
121
123
125
128
141
145
147
149
151
157
158
162
163
167
169
175
178
183
186
192
194
197
204
207
208
211
216
218
222
224
228
229
232
233
236
239
240
246
250
254
258
259
262
264
266
269
272
275
279
281
285
287
289
293
295
299
302
305
306
314
320
324
326
331
333
339
344
346
350
352
359
362
364
367
370
372
374
378
380
385
388
391
393
396
397
400
403
404
406
409
410
419
420
423
425
427
429
434
435
442
444
451
453
455
457
462
464
469
470
479
481
483
485
493
494
500
503
508
510
512
515
519
521
526
528
533
536
539
540
547
548
553
556
557
562
563
567
568
577
582
584
587
590
596
598
604
605
608
611
614
616
619
621
631
634
636
640
641
645
647
650
651
654
656
662
664
667
671
674
675
684
687
691
694
699
703
706
710
712
714
717
725
729
731
734
737
741
744
747
748
752
757
758
761
764
773
774
776
780
783
792
801
803
810
811
815
817
819
821
826
828
830
832
836
839
841
846
848
853
855
860
862
864
867
870
875
879
890
892
896
899
902
903
905
907
914
916
924
926
928
930
932
934
939
942
943
947
953
960
963
967
970
972
979
981
985
987
989
993
994
996
1001
1003
1008
1009
1013
1015
1020
1022
1025
1028
1030
1033
1037
1038
1046
1047
1055
1057
1059
1061
1063
1065
1069
1075
1078
1079
1084
1087
1089
1091
1094
1096
1099
1102
1103
1108
1109
1112
1115
1117
1119
1123
1126
1129
1132
1135
1145
1146
1152
1157
1164
1166
1170
1171
1176
1177
1181
1182
1185
1189
1190
1193
1196
1198
1204
1207
1209
1212
1213
1215
1218
1220
1222
1224
1228
1230
1232
1234
1237
1239
1244
1246
1248
1250
1253
1255
1258
1263
1269
1272
1275
1278
1280
1283
1285
1295
1296
1298
1302
1307
1312
1315
1320
1321
1323
1325
1329
1332
1333
1338
1340
1344
1349
1351
1353
1355
1368
1369
1372
1375
1377
1385
1390
1394
1399
1406
1410
1412
1417
1423
1427
1430
1433
1436
1439
1442
1444
1446
1452
1453
1459
1462
1466
1467
1473
1482
1486
1487
1491
1492
1496
1508
1514
1516
1523
1524
1528
1529
1532
1536
1541
1544
1547
1553
1555
1559
1561
1564
1566
1570
1572
1575
1577
1586
1589
1595
1596
1599
1601
1604
1606
1609
1611
1614
1617
1624
1626
1632
1634
1636
1638
1641
1642
1649
1650
1655
1660
1666
1670
1673
1674
1684
1685
1694
1696
1699
1702
1707
1710
1713
1715
1717
1720
1724
1727
1728
1732
1737
1742
1747
1751
1753
1759
1762
1771
1774
1779
1782
1784
1787
1789
1792
1796
1798
1800
1802
1807
1809
1812
1813
1815
1817
1821
1824
1825
1828
1835
1844
1847
1849
1854
1856
1863
1864
1866
1868
1872
1878
1882
1884
1891
1892
1898
1901
1902
1909
1911
1917
1921
1931
1933
1936
1941
1943
1946
1948
1951
1952
1956
1959
1962
1966
1967
1970
1971
1974
1975
1977
1979
1983
1985
1989
1992
1994
1996
1998
2001
2006
2013
2015
2018
2020
2022
2026
2033
2036
2037
2040
2041
2044
2047
2051
2053
2056
2058
2060
2063
2065
2070
2072
2080
2081
2086
2090
2092
2096
2101
2102
2105
2107
2112
2114
2118
2121
2124
2128
2130
2134
2138
2144
2152
2154
2167
2171
2174
2175
2180
2183
2188
2190
2192
2194
2196
2200
2204
2209
2213
2216
2219
2222
2223
2229
2232
2235
2244
2250
2251
2253
2256
2258
2261
2263
2266
2268
2272
2273
2278
2281
2285
2286
2292
2294
2299
2300
2303
2306
2309
2312
2314
2316
2319
2322
2325
2326
2329
2330
2333
2334
2338
2340
2345
2348
2351
2353
2357
2359
2362
2365
2368
2370
2374
2376
2380
2381
2386
2388
2395
2396
2398
2400
2404
2409
2413
2416
2422
2429
2431
2434
2438
2443
2446
2450
2451
2453
2456
2457
2462
2464
2473
2476
2479
2481
2484
2488
2494
2496
2498
2501
2505
2508
2509
2516
2520
2522
2524
2528
2532
2536
2540
2545
2547
2550
2554
2560
2561
2567
2570
2575
2577
2579
2584
2585
2589
2592
2594
2596
2605
2606
2608
2611
2612
2616
2619
2628
2630
2632
2634
2637
2642
2645
2646
2651
2654
2658
2661
2662
2665
2670
2673
2674
2680
2682
2686
2688
2690
2692
2699
2701
2704
2708
2713
2715
2719
2720
2723
2726
2727
2731
2735
2738
2741
2743
2755
2756
2762
2773
2778
2781
2784
2789
2790
2794
2797
2800
2802
2808
2811
2813
2816
2818
2822
2823
2826
2828
2830
2833
2836
2838
2846
2848
2854
2855
2861
2863
2867
2868
2873
2875
2877
2879
2884
2885
2889
2890
2894
2896
2901
2903
2907
2909
2912
2914
2918
2920
2928
2933
2936
2939
2941
2943
2945
2947
2955
2957
2959
2961
2963
2967
2968
2972
2974
2977
2979
2983
2985
2993
2995
2998
3000
3002
3006
3011
3014
3017
3022
3024
3026
3030
3034
3036
3038
3040
3043
3044
3047
3049
3052
3055
3062
3064
3068
3070
3074
3076
3079
3082
3089
3091
3095
3098
3101
3102
3109
3111
3116
3118
3120
3122
3125
3127
3131
3140
3145
3146
3150
3151
3155
3160
3164
3166
3168
3171
3172
3178
3179
3184
3186
3188
3193
3195
3197
3199
3202
3205
3210
3212
3215
3216
3220
3224
3227
3230
3234
3235
3241
3244
3248
3250
3253
3256
3259
3262
3263
3266
3268
3272
3274
3277
3280
3286
3288
3290
3292
3295
3297
3300
3302
3305
3306
3314
3316
3318
3323
3325
3327
3329
3334
3336
3342
3347
3354
3356
3359
3362
3364
3369
3371
3375
3376
3380
3381
3384
3385
3388
3391
3392
3394
3396
3401
3403
3406
3407
3410
3412
3415
3418
3421
3423
3427
3437
3441
3444
3454
3457
3459
3461
3464
3465
3469
3471
3474
3476
3482
3484
3487
3496
3498
3500
3503
3511
3514
3516
3519
3520
3523
3525
3529
3535
3540
3542
3545
3549
3551
3553
3555
3557
3559
3561
3569
3572
3579
3581
3583
3588
3596
3604
3605
3607
3611
3613
3615
3617
3620
3621
3628
3630
3639
3641
3644
3645
3649
3651
3653
3657
3659
3662
3665
3667
3669
3672
3677
3678
3684
3686
3690
3692
3697
3701
3702
3705
3707
3709
3712
3714
3717
3721
3724
3729
3731
3736
3739
3742
3745
3749
3750
3752
3755
3756
3759
3761
3763
3765
3767
3773
3776
3779
3781
3783
3785
3788
3790
3792
3794
3796
3799
3803
3807
3809
3811
3813
3816
3818
3821
3823
3826
3827
3832
3834
3839
3841
3844
3845
3847
3850
3853
3857
3862
3865
3867
3871
3873
3875
3881
3883
3886
3888
3893
3897
3902
3905
3906
3914
3916
3920
3922
3925
3927
3929
3931
3941
3942
3947
3949
3952
3953
3956
3960
3968
3973
3976
3979
3981
3985
3987
3993
3996
3997
4002
4004
4009
4011
4014
4017
4019
4023
4024
4029
4030
4032
4035
4036
4040
4041
4044
4045
4049
4052
4054
4056
4059
4062
4066
4083
4084
4088
4092
4093
4095
4097
4099
4101
4104
4105
4111
4114
4124
4126
4129
4130
4133
4134
4137
4138
4147
4150
4157
4158
4163
4168
4171
4172
4177
4179
4181
4184
4193
4195
4197
4202
4203
4209
4210
4215
4217
4221
4222
4225
4226
4230
4232
4237
4240
4252
4255
4258
4260
4265
4266
4270
4273
4276
4282
4285
4287
4293
4295
4308
4310
4313
4315
4323
4327
4330
4335
4337
4341
4343
4346
4347
4352
4353
4356
4361
4364
4366
4371
4377
4379
4381
4383
4385
4387
4390
4391
4396
4397
4406
4408
4415
4417
4422
4424
4428
4431
4432
4436
4438
4440
4442
4448
4449
4451
4453
4458
4461
4462
4468
4471
4474
4476
4478
4480
4488
4489
4498
4500
4502
4506
4511
4516
4519
4520
4527
4531
4532
4537
4539
4546
4548
4552
4553
4556
4559
4562
4563
4567
4569
4576
4578
4582
4584
4587
4589
4592
4598
4599
4606
4609
4611
4613
4616
4617
4621
4623
4625
4630
4631
4637
4643
4645
4647
4650
4654
4655
4658
4660
4664
4668
4673
4675
4679
4684
4686
4692
4695
4704
4705
4710
4712
4716
4718
4733
4736
4740
4743
4745
4747
4749
4751
4754
4757
4759
4762
4768
4771
4775
4780
4785
4788
4791
4794
4796
4800
4804
4809
4811
4815
4820
4829
4832
4834
4836
4839
4841
4844
4847
4853
4855
4863
4868
4871
4873
4881
4884
4891
4893
4895
4897
4901
4904
4906
4909
4911
4916
4918
4923
4926
4929
4932
4933
4936
4937
4941
4942
4948
4950
4954
4955
4958
4959
4963
4965
4970
4971
4975
4979
4987
4990
4994
4995
4999
5001
5006
5010
5016
5020
5024
5030
5035
5036
5039
5040
5047
5048
5054
5055
5062
5065
5070
5072
5075
5077
5080
5082
5085
5086
5089
5090
5093
5098
5101
5103
5105
5107
5115
5117
5120
5123
5125
5127
5136
5140
5142
5145
5147
5152
5154
5156
5158
5161
5164
5167
5169
5173
5174
5177
5179
5181
5183
5191
5194
5196
5198
5204
5208
5211
5214
5215
5218
5219
5222
5225
5227
5229
5233
5236
5239
5243
5247
5249
5257
5262
5265
5266
5272
5274
5276
5279
5284
5286
5289
5290
5293
5294
5300
5303
5306
5308
5310
5312
5315
5317
5321
5326
5329
5335
5337
5339
5343
5347
5351
5353
5355
5357
5364
5368
5374
5377
5378
5382
5383
5390
5393
5399
5401
5404
5406
5409
5412
5418
5420
5424
5428
5430
5432
5434
5436
5439
5440
5444
5447
5449
5451
5455
5459
5461
5466
5469
5471
5473
5478
5480
5484
5485
5491
5492
5495
5498
5501
5504
5506
5510
5512
5516
5521
5523
5528
5535
5539
5546
5547
5550
5553
5556
5562
5567
5569
5571
5576
5578
5581
5589
5591
5593
5595
5597
5599
5602
5604
5609
5612
5614
5617
5623
5627
5629
5634
5635
5641
5645
5647
5651
5653
5656
5657
5661
5667
5671
5674
5676
5678
5683
5687
5693
5696
5699
5703
5705
5710
5711
5714
5716
5722
5725
5728
5732
5734
5736
5743
5745
5747
5749
5751
5754
5756
5762
5765
5768
5772
5774
5776
5779
5782
5784
5786
5788
5791
5795
5800
5804
5805
5808
5811
5814
5818
5821
5823
5826
5831
5834
5835
5839
5841
5845
5847
5857
5859
5868
5869
5874
5875
5877
5879
5881
5883
5886
5890
5896
5899
5903
5910
5912
5916
5918
5920
5923
5925
5931
5934
5936
5948
5949
5953
5955
5958
5960
5965
5966
5971
5973
5975
5978
5981
5986
5988
5990
5993
5995
6001
6002
6008
6009
6012
6013
6016
6019
6023
6024
6028
6031
6034
6038
6044
6050
6054
6056
6059
6063
6066
6069
6071
6073
6076
6077
6079
6081
6083
6087
6089
6092
6094
6100
6102
6112
6115
6117
6121
6122
6127
6134
6140
6142
6144
6147
6149
6152
6154
6157
6166
6174
6184
6189
6191
6197
6202
6205
6207
6212
6214
6217
6221
6223
6228
6230
6240
6242
6248
6249
6252
6253
6256
6257
6262
6267
6271
6273
6276
6278
6283
6286
6294
6295
6301
6302
6307
6312
6315
6317
6320
6322
6326
6327
6334
6336
6338
6341
6344
6350
6357
6362
6365
6368
6371
6373
6380
6381
6384
6390
6397
6398
6400
6403
6417
6422
6427
6429
6431
6434
6436
6451
6453
6455
6457
6460
6465
6469
6472
6474
6476
6478
6481
6485
6487
6491
6493
6496
6499
6508
6510
6515
6516
6521
6525
6530
6531
6533
6535
6540
6541
6550
6552
6556
6558
6562
6569
6572
6575
6578
6580
6589
6591
6594
6595
6597
6599
6602
6604
6607
6608
6611
6612
6615
6617
6622
6623
6627
6628
6636
6638
6642
6645
6648
6651
6654
6657
6661
6666
6668
6672
6675
6682
6683
6688
6690
6693
6694
6696
6698
6701
6703
6708
6710
6715
6718
6721
6722
6727
6732
6735
6736
6741
6742
6747
6749
6753
6754
6761
6763
6766
6768
6776
6778
6783
6788
6792
6794
6796
6798
6805
6809
6812
6814
6817
6820
6828
6830
6834
6837
6841
6842
6846
6848
6851
6852
6855
6857
6859
6863
6869
6870
6872
6874
6876
6879
6886
6887
6892
6893
6896
6898
6901
6902
6905
6906
6909
6911
6913
6915
6918
6922
6925
6929
6934
6935
6937
6939
6943
6945
6948
6949
6954
6956
6962
6963
6966
6968
6971
6974
6988
6990
6995
6996
6998
7001
7004
7007
7008
7017
7018
7021
7027
7032
7035
7037
7041
7043
7045
7047
7052
7055
7057
7059
7061
7064
7070
7074
7078
7079
7084
7086
7090
7091
7103
7106
7108
7110
7113
7116
7120
7122
7128
7130
7134
7137
7139
7142
7144
7147
7151
7155
7160
7163
7165
7168
7171
7173
7176
7178
7183
7184
7188
7189
7196
7199
7202
7203
7208
7213
7218
7220
7222
7224
7227
7228
7233
7235
7243
7246
7249
7251
7255
7257
7260
7261
7264
7266
7268
7271
7272
7275
7277
7281
7284
7287
7289
7295
7297
7300
7302
7308
7309
7315
7317
7319
7323
7324
7327
7333
7335
7337
7339
7343
7345
7351
7354
7357
7360
7362
7364
7366
7369
7374
7376
7378
7388
7391
7394
7398
7406
7408
7411
7415
7419
7421
7423
7425
7427
7432
7433
7438
7439
7442
7443
7447
7449
7452
7455
7459
7460
7467
7469
7485
7495
7497
7499
7503
7505
7509
7512
7517
7521
7526
7528
7531
7532
7537
7539
7543
7553
7559
7564
7568
7571
7576
7581
7583
7585
7588
7593
7595
7598
7599
7602
7603
7609
7611
7621
7625
7630
7631
7638
7639
7643
7644
7649
7650
7658
7659
7665
7666
7675
7676
7681
7683
7685
7687
7692
7696
7704
7708
7710
7712
7716
7719
7726
7729
7731
7734
7736
7739
7742
7745
7747
7751
7752
7755
7761
7768
7772
7777
7779
7786
7789
7791
7794
7797
7800
7801
7807
7811
7815
7818
7819
7824
7826
7831
7834
7838
7843
7850
7855
7858
7862
7864
7866
7868
7873
7876
7884
7886
7890
7893
7896
7898
7903
7908
7913
7916
7919
7920
7925
7928
7931
7937
7940
7944
7946
7948
7953
7954
7962
7968
7973
7974
7980
7981
7985
7986
7991
7996
8000
8004
8007
8011
8015
8022
8024
8029
8031
8033
8038
8040
8042
8045
8046
8050
8053
8055
8057
8062
8064
8074
8076
8078
8082
8084
8096
8097
8100
8103
8105
8108
8111
8115
8121
8126
8129
8132
8134
8138
8141
8149
8151
8155
8157
8159
8163
8165
8170
8172
8178
8180
8182
8184
8187
8188
8192
8193
8197
8198
8201
8203
8209
8215
8222
8224
8228
8236
8239
8241
8243
8255
8257
8260
8262
8265
8268
8272
8273
8278
8280
8283
8285
8287
8291
8294
8298
8302
8307
8311
8315
8321
8324
8325
8327
8329
8333
8334
8338
8340
8342
8344
8346
8349
8350
8354
8356
8358
8364
8368
8376
8377
8379
8382
8388
8391
8393
8395
8397
8400
8401
8403
8405
8407
8409
8412
8415
8419
8421
8424
8426
8434
8437
8440
8443
8447
8449
8452
8463
8468
8470
8472
8474
8481
8484
8488
8493
8499
8502
8503
8507
8510
8514
8515
8522
8524
8529
8531
8537
8541
8552
8554
8557
8558
8561
8562
8569
8571
8575
8577
8579
8581
8583
8586
8588
8591
8593
8596
8600
8603
8605
8611
8613
8619
8621
8624
8625
8630
8633
8634
8639
8640
8644
8645
8648
8650
8653
8656
8660
8661
8663
8667
8668
8673
8678
8682
8685
8690
8692
8695
8697
8700
8701
8703
8705
8709
8712
8716
8720
8722
8724
8727
8728
8736
8737
8743
8745
8748
8750
8755
8760
8774
8778
8779
8783
8787
8790
8793
8795
8797
8800
8803
8807
8808
8811
8812
8814
8817
8821
8823
8825
8828
8832
8835
8839
8843
8845
8847
8852
8857
8865
8868
8871
8875
8877
8882
8884
8886
8888
8891
8893
8895
8898
8899
8903
8905
8908
8911
8915
8916
8921
8922
8928
8930
8938
8941
8947
8948
8954
8958
8960
8962
8964
8967
8969
8971
8982
8986
8992
8994
9001
9005
9010
9012
9016
9017
9020
9023
9026
9030
9032
9035
9038
9041
9051
9053
9060
9062
9068
9073
9075
9077
9080
9082
9085
9089
9092
9094
9097
9101
9107
9112
9117
9118
9122
9125
9129
9130
9134
9136
9141
9142
9146
9148
9151
9154
9158
9161
9165
9167
9170
9172
9177
9179
9181
9183
9185
9187
9189
9191
9195
9197
9200
9201
9204
9205
9207
9209
9211
9217
9219
9223
9226
9228
9231
9235
9236
9238
9240
9243
9244
9247
9250
9251
9258
9260
9262
9265
9266
9268
9270
9273
9279
9284
9287
9288
9291
9294
9299
9301
9306
9310
9313
9317
9323
9328
9330
9333
9336
9339
9341
9343
9345
9348
9351
9353
9355
9359
9360
9363
9364
9367
9368
9372
9374
9379
9380
9384
9385
9389
9390
9394
9396
9398
9400
9402
9404
9407
9408
9414
9417
9420
9424
9427
9430
9433
9438
9440
9443
9444
9447
9449
9453
9457
9460
9462
9468
9471
9472
9476
9483
9488
9490
9494
9495
9498
9499
9501
9503
9505
9509
9511
9514
9516
9518
9522
9523
9528
9529
9532
9534
9538
9540
9542
9544
9550
9552
9555
9556
9563
9571
9579
9581
9583
9588
9591
9594
9595
9599
9601
9603
9605
9608
9614
9622
9628
9630
9637
9640
9641
9646
9650
9655
9658
9660
9663
9666
9673
9675
9680
9682
9685
9686
9690
9692
9700
9703
9710
9712
9715
9716
9720
9722
9728
9730
9737
9739
9744
9746
9752
9755
9758
9759
9763
9767
9769
9773
9775
9778
9781
9783
9785
9788
9791
9795
9797
9801
9803
9807
9810
9814
9817
9820
9823
9825
9828
9830
9832
9834
9836
9839
9846
9848
9850
9852
9855
9857
9859
9861
9864
9865
9868
9869
9877
9879
9886
9888
9891
9893
9897
9903
9911
9913
9917
9919
9923
9927
9928
9933
9934
9936
9940
9943
9947
9949
9952
9954
9960
9962
9966
9971
9975
9978
9982
9985
9989
9991
9994
9995
9998
9999
10003
10004
10007
10008
10011
10012
10020
10022
10024
10032
10034
10038
10040
10043
10044
10050
10053
10054
10060
10064
10072
10074
10077
10079
10082
10087
10090
10091
10093
10096
10102
10104
10106
10108
10114
10116
10119
10121
10125
10127
10131
10132
10136
10137
10140
10141
10149
10151
10157
10159
10161
10164
10167
10173
10177
10180
10184
10185
10188
10190
10193
10194
10198
10200
10206
10208
10212
10214
10217
10221
10223
10227
10228
10233
10238
10241
10243
10247
10248
10254
10256
10258
10261
10264
10269
10270
10273
10275
10278
10279
10285
10288
10289
10292
10295
10297
10301
10304
10307
10312
10315
10317
10320
10323
10326
10328
10332
10334
10343
10344
10351
10353
10357
10361
10362
10373
10377
10379
10381
10383
10387
10391
10392
10396
10398
10403
10406
10408
10410
10413
10415
10418
10420
10423
10425
10428
10432
10436
10437
10443
10445
10447
10449
10453
10455
10460
10462
10467
10469
10474
10475
10478
10480
10482
10486
10489
10492
10495
10497
10500
10502
10504
10507
10509
10515
10519
10522
10529
10530
10533
10535
10537
10540
10544
10546
10548
10550
10552
10556
10558
10561
10562
10564
10566
10571
10574
10576
10580
10583
10585
10590
10593
10595
10597
10603
10606
10610
10612
10617
10619
10623
10625
10627
10629
10634
10635
10639
10642
10644
10652
10654
10656
10659
10660
10666
10667
10674
10675
10682
10686
10688
10690
10695
10696
10699
10703
10710
10711
10716
10718
10722
10729
10733
10735
10738
10741
10743
10745
10747
10749
10753
10754
10757
10758
10761
10763
10766
10770
10774
10777
10785
10786
10791
10794
10797
10799
10802
10803
10805
10808
10810
10812
10814
10818
10822
10825
10827
10831
10834
10837
10838
10846
10848
10853
10856
10858
10860
10865
10868
10871
10873
10876
10878
10881
10884
10888
10891
10892
10894
10897
10901
10904
10906
10912
10915
10916
10919
10922
10925
10929
10932
10937
10946
10947
10950
10951
10955
10957
10959
10962
10970
10972
10977
10981
10985
10990
10995
10999
11005
11007
11010
11012
11014
11018
11020
11028
11032
11036
11038
11042
11045
11048
11051
11053
11055
11057
11060
11067
11072
11073
11080
11082
11090
11093
11098
11103
11109
11112
11113
11116
11118
11125
11126
11132
11133
11137
11139
11141
11144
11146
11149
11151
11158
11164
11166
11170
11171
11177
11179
11183
11185
11192
11194
11196
11199
11202
11207
11208
11210
11212
11214
11217
11219
11222
11226
11229
11231
11235
11237
11240
11241
11245
11246
11249
11251
11254
11257
11258
11262
11263
11267
11270
11273
11279
11280
11284
11291
11295
11297
11301
11304
11307
11310
11313
11315
11317
11319
11324
11326
11328
11331
11333
11335
11339
11342
11344
11347
11350
11354
11356
11364
11366
11370
11372
11376
11377
11382
11384
11388
11389
11392
11394
11398
11400
11404
11413
11419
11420
11425
11427
11429
11431
11437
11438
11444
11447
11455
11457
11459
11461
11464
11469
11472
11476
11488
11491
Closing down connection...
