5
7
8
14
15
17
18
21
22
25
28
32
33
35
41
49
54
56
58
64
67
69
71
72
76
77
79
80
82
85
89
91
99
101
107
108
110
112
114
116
119
122
124
129
133
139
143
147
150
151
153
154
156
158
160
162
163
166
167
169
171
173
175
178
184
185
196
197
199
201
204
209
211
212
220
222
224
227
229
231
233
235
242
251
254
255
257
261
265
267
268
270
271
274
275
279
281
283
285
288
292
295
296
298
301
303
305
308
317
319
322
323
326
328
332
334
336
338
340
342
344
346
348
351
353
355
357
365
366
369
371
375
385
386
389
390
393
395
400
403
406
408
410
411
415
416
418
419
421
426
429
432
434
439
443
446
447
455
456
458
459
461
463
466
467
469
471
472
475
476
479
481
483
485
487
488
498
501
504
507
508
510
515
519
524
529
530
532
533
537
538
543
544
547
548
551
553
555
559
560
564
565
568
569
573
575
582
586
589
590
592
594
597
600
601
604
607
610
611
621
623
625
626
628
629
635
636
638
641
643
645
649
651
654
658
659
661
662
664
667
670
674
675
678
680
681
685
686
693
695
697
700
706
707
711
713
715
717
719
720
731
732
737
738
740
741
746
748
749
751
754
757
758
760
761
763
765
771
773
775
777
779
784
786
788
792
795
800
801
803
805
807
811
813
815
816
820
822
827
828
831
832
838
841
847
853
861
863
866
869
871
873
876
878
879
882
885
891
894
896
899
901
903
905
906
912
917
919
920
925
926
936
938
940
944
950
951
955
957
962
963
966
972
979
981
984
988
989
993
994
996
997
999
1000
1003
1005
1006
1008
1013
1021
1023
1024
1026
1027
1030
1032
1034
1036
1037
1039
1041
1043
1046
1047
1049
1051
1052
1057
1058
1062
1063
1065
1066
1073
1075
1077
1079
1081
1084
1085
1087
1088
1090
1092
1094
1096
1101
1104
1106
1107
1115
1117
1124
1125
1130
1132
1134
1137
1139
1144
1151
1154
1156
1159
1162
1165
1167
1169
1171
1172
1175
1178
1183
1184
1190
1191
1193
1195
1197
1198
1200
1202
1211
1212
1216
1220
1223
1225
1229
1232
1233
1237
1240
1246
1254
1256
1257
1259
1260
1262
1264
1268
1277
1281
1282
1284
1285
1288
1290
1293
1295
1297
1298
1301
1302
1304
1305
1311
1312
1314
1315
1317
1318
1321
1324
1328
1335
1338
1340
1341
1343
1345
1349
1352
1354
1356
1357
1361
1362
1364
1366
1367
1373
1374
1377
1378
1380
1381
1385
1387
1389
1391
1392
1394
1396
1403
1405
1406
1409
1413
1414
1417
1418
1421
1425
1431
1435
1436
1442
1448
1451
1452
1454
1455
1458
1462
1465
1467
1469
1472
1475
1482
1483
1489
1491
1495
1497
1500
1503
1507
1513
1515
1516
1518
1519
1523
1524
1529
1531
1535
1537
1539
1541
1544
1546
1547
1550
1552
1560
1561
1564
1565
1568
1569
1573
1575
1577
1579
1582
1586
1589
1595
1596
1600
1601
1604
1605
1611
1613
1615
1618
1620
1626
1627
1632
1635
1638
1641
1642
1645
1651
1654
1655
1658
1660
1661
1666
1667
1669
1670
1674
1676
1677
1679
1681
1683
1685
1693
1695
1696
1703
1705
1706
1709
1710
1720
1722
1723
1730
1731
1735
1736
1740
1742
1744
1745
1751
1752
1757
1758
1763
1765
1771
1776
1778
1780
1786
1788
1791
1794
1798
1799
1802
1805
1811
1812
1815
1816
1819
1821
1823
1824
1827
1828
1832
1833
1838
1843
1845
1848
1851
1853
1855
1857
1860
1861
1865
1867
1874
1875
1880
1881
1884
1885
1893
1894
1896
1898
1900
1904
1905
1907
1908
1912
1915
1916
1920
1923
1926
1929
1930
1932
1933
1935
1936
1939
1940
1942
1943
1947
1949
1957
1962
1968
1970
1972
1975
1978
1980
1983
1985
1990
1993
1997
1998
2000
2001
2004
2005
2008
2009
2014
2015
2018
2019
2021
2023
2025
2026
2033
2038
2042
2044
2048
2050
2054
2055
2058
2059
2064
2065
2069
2070
2074
2075
2078
2081
2085
2086
2090
2092
2097
2102
2106
2109
2113
2116
2117
2128
2131
2137
2138
2141
2142
2147
2148
2152
2153
2156
2159
2161
2163
2165
2171
2174
2178
2182
2187
2190
2191
2195
2197
2201
2203
2206
2207
2210
2212
2214
2215
2218
2220
2223
2225
2226
2229
2230
2235
2236
2240
2243
2245
2248
2254
2256
2261
2262
2268
2269
2272
2274
2276
2277
2280
2283
2285
2288
2291
2293
2295
2296
2298
2299
2303
2306
2310
2311
2320
2324
2327
2329
2333
2337
2340
2343
2346
2352
2353
2356
2359
2362
2363
2367
2370
2371
2377
2380
2384
2385
2389
2390
2394
2395
2401
2402
2406
2407
2409
2411
2414
2422
2425
2427
2429
2431
2432
2434
2435
2439
2441
2443
2445
2447
2449
2454
2458
2460
2463
2467
2475
2476
2480
2482
2483
2486
2487
2492
2493
2501
2504
2507
2508
2512
2513
2516
2518
2523
2526
2528
2529
2532
2533
2535
2538
2540
2541
2546
2548
2551
2557
2558
2568
2570
2574
2588
2590
2595
2596
2598
2599
2603
2604
2609
2615
2621
2623
2624
2629
2631
2636
2637
2639
2641
2645
2646
2649
2650
2654
2656
2658
2661
2662
2665
2668
2669
2676
2679
2682
2685
2687
2688
2690
2691
2695
2697
2699
2701
2704
2705
2709
2711
2713
2718
2719
2721
2722
2724
2727
2729
2732
2737
2739
2740
2742
2744
2748
2750
2753
2754
2757
2760
2762
2764
2768
2771
2773
2777
2780
2782
2786
2787
2790
2791
2794
2807
2813
2814
2818
2820
2822
2827
2830
2833
2834
2836
2839
2840
2847
2848
2850
2851
2856
2859
2861
2862
2864
2865
2868
2869
2871
2874
2879
2881
2883
2889
2898
2900
2901
2904
2905
2910
2912
2914
2916
2920
2922
2924
2929
2931
2933
2937
2940
2948
2949
2952
2953
2956
2957
2961
2963
2968
2969
2971
2972
2981
2984
2985
2988
2989
2993
2994
2998
2999
3003
3005
3007
3009
3013
3017
3018
3021
3022
3025
3026
3028
3029
3033
3034
3036
3037
3039
3040
3042
3044
3046
3048
3049
3053
3054
3056
3058
3064
3069
3070
3075
3078
3080
3082
3085
3087
3090
3092
3093
3097
3098
3101
3104
3106
3107
3116
3118
3122
3124
3126
3127
3129
3131
3132
3135
3138
3140
3142
3144
3145
3147
3148
3150
3151
3154
3156
3157
3169
3170
3172
3173
3175
3177
3179
3181
3182
3188
3191
3193
3196
3198
3200
3202
3203
3212
3215
3219
3226
3229
3230
3233
3235
3239
3240
3245
3251
3252
3254
3256
3259
3261
3262
3266
3269
3270
3272
3273
3275
3276
3278
3280
3282
3284
3285
3288
3290
3291
3294
3296
3301
3303
3305
3308
3310
3311
3314
3316
3319
3320
3324
3326
3327
3332
3335
3341
3345
3347
3350
3351
3353
3354
3361
3366
3372
3377
3389
3394
3396
3397
3400
3401
3403
3407
3412
3414
3419
3420
3423
3426
3428
3433
3436
3437
3439
3440
3446
3448
3450
3452
3460
3464
3467
3471
3472
3476
3477
3497
3501
3506
3508
3510
3512
3516
3517
3523
3524
3529
3531
3533
3534
3537
3539
3541
3544
3549
3550
3553
3556
3559
3561
3563
3564
3566
3567
3570
3574
3580
3582
3585
3587
3592
3595
3597
3598
3601
3603
3610
3611
3614
3626
3630
3631
3639
3642
3643
3647
3650
3651
3654
3657
3661
3665
3667
3668
3670
3671
3678
3680
3684
3685
3688
3689
3694
3697
3698
3700
3703
3705
3709
3711
3712
3716
3717
3722
3724
3730
3732
3734
3736
3737
3739
3742
3745
3748
3752
3753
3758
3759
3762
3765
3773
3774
3780
3782
3788
3796
3798
3800
3804
3811
3813
3818
3823
3825
3826
3828
3829
3831
3833
3834
3837
3841
3848
3849
3852
3853
3855
3856
3858
3865
3868
3869
3872
3874
3878
3880
3882
3884
3886
3889
3894
3896
3898
3900
3903
3904
3907
3908
3910
3911
3914
3915
3918
3920
3922
3923
3926
3931
3933
3934
3938
3939
3941
3944
3945
3949
3951
3953
3954
3956
3958
3963
3966
3972
3974
3975
3978
3979
3982
3986
3989
3993
3997
3998
4005
4006
4009
4010
4013
4014
4018
4019
4027
4029
4030
4034
4035
4040
4042
4047
4049
4051
4052
4054
4055
4059
4060
4063
4064
4066
4067
4071
4072
4076
4079
4082
4090
4095
4098
4100
4102
4104
4105
4109
4111
4117
4120
4121
4125
4126
4133
4135
4137
4138
4141
4142
4144
4147
4150
4153
4164
4165
4169
4172
4173
4176
4178
4181
4186
4189
4191
4192
4194
4195
4198
4199
4202
4203
4206
4208
4211
4212
4216
4217
4220
4221
4231
4236
4244
4246
4249
4251
4254
4257
4260
4265
4269
4272
4276
4280
4283
4285
4289
4293
4295
4297
4306
4308
4309
4311
4314
4319
4326
4328
4329
4331
4333
4335
4337
4341
4342
4345
4347
4351
4353
4356
4357
4360
4363
4365
4370
4373
4375
4376
4379
4380
4383
4385
4389
4390
4392
4395
4397
4398
4403
4404
4406
4408
4409
4412
4415
4420
4423
4425
4428
4430
4433
4435
4442
4444
4448
4450
4455
4461
4463
4464
4469
4470
4478
4479
4483
4485
4491
4492
4496
4497
4505
4506
4514
4515
4523
4525
4529
4530
4534
4535
4538
4544
4546
4548
4550
4551
4553
4554
4557
4559
4561
4562
4566
4571
4583
4584
4587
4589
4592
4593
4595
4597
4598
4602
4605
4606
4608
4609
4612
4613
4616
4621
4623
4626
4628
4633
4636
4637
4644
4645
4648
4649
4652
4653
4658
4660
4664
4666
4668
4670
4672
4674
4678
4681
4683
4686
4691
4693
4694
4698
4699
4701
4704
4706
4708
4712
4714
4715
4726
4727
4734
4736
4737
4742
4743
4746
4747
4749
4751
4753
4755
4758
4761
4764
4768
4769
4771
4772
4777
4778
4783
4785
4786
4789
4791
4794
4795
4797
4798
4803
4805
4808
4809
4816
4817
4819
4820
4823
4824
4826
4827
4832
4835
4841
4843
4854
4856
4857
4861
4863
4873
4875
4877
4879
4881
4884
4888
4895
4898
4900
4905
4910
4911
4913
4915
4916
4926
4927
4932
4933
4939
4943
4945
4950
4952
4953
4956
4960
4965
4966
4970
4972
4974
4976
4978
4979
4981
4983
4984
4988
4991
4993
4994
4997
4999
5000
5002
5003
5009
5010
5012
5019
5023
5024
5027
5029
5037
5038
5040
5042
5044
5046
5047
5052
5053
5057
5058
5060
5063
5066
5068
5073
5074
5076
5084
5090
5091
5094
5096
5097
5099
5100
5103
5104
5111
5114
5118
5120
5121
5130
5141
5143
5145
5146
5149
5153
5155
5156
5158
5159
5161
5164
5165
5169
5170
5174
5181
5190
5192
5195
5198
5200
5206
5211
5212
5215
5218
5223
5225
5227
5229
5230
5239
5240
5244
5245
5249
5251
5255
5260
5262
5264
5266
5268
5270
5271
5275
5278
5281
5282
5284
5287
5289
5290
5295
5299
5302
5305
5308
5310
5316
5322
5324
5328
5331
5335
5340
5341
5343
5344
5349
5351
5355
5357
5360
5363
5365
5366
5369
5371
5373
5375
5376
5381
5382
5384
5385
5387
5389
5390
5393
5394
5399
5401
5408
5409
5413
5422
5426
5429
5432
5433
5436
5438
5439
5443
5444
5447
5448
5451
5453
5460
5461
5463
5466
5470
5472
5479
5480
5487
5490
5493
5495
5496
5499
5502
5509
5510
5512
5513
5515
5516
5519
5520
5523
5525
5527
5529
5533
5535
5540
5541
5544
5545
5547
5548
5551
5554
5556
5560
5564
5565
5568
5569
5571
5572
5577
5579
5585
5586
5595
5598
5601
5608
5611
5616
5619
5620
5624
5626
5629
5632
5634
5636
5638
5640
5641
5643
5644
5646
5650
5652
5654
5655
5660
5662
5664
5669
5676
5680
5682
5684
5685
5690
5691
5694
5698
5700
5709
5710
5714
5716
5718
5720
5723
5724
5726
5728
5731
5735
5737
5738
5742
5745
5749
5752
5754
5760
5761
5764
5765
5772
5774
5775
5779
5781
5785
5789
5791
5793
5795
5797
5798
5801
5802
5805
5806
5810
5811
5813
5815
5816
5819
5820
5823
5826
5828
5831
5839
5841
5843
5845
5847
5850
5851
5855
5856
5858
5862
5868
5870
5875
5877
5878
5884
5885
5887
5889
5891
5892
5894
5898
5901
5902
5904
5907
5909
5912
5915
5916
5921
5923
5924
5929
5930
5932
5935
5941
5943
5944
5947
5949
5951
5954
5956
5967
5969
5971
5974
5975
5977
5979
5981
5984
5989
5992
5994
5998
6000
6003
6004
6007
6008
6012
6014
6016
6017
6019
6024
6025
6029
6031
6033
6038
6046
6049
6051
6053
6056
6058
6059
6062
6065
6066
6068
6075
6078
6080
6085
6086
6090
6092
6093
6100
6101
6103
6104
6106
6107
6110
6111
6113
6117
6121
6123
6126
6129
6131
6133
6134
6137
6138
6141
6142
6144
6147
6154
6156
6158
6162
6164
6167
6169
6172
6175
6176
6178
6179
6181
6182
6184
6185
6188
6191
6195
6196
6198
6201
6203
6206
6213
6215
6220
6222
6223
6231
6234
6235
6238
6240
6242
6243
6246
6248
6249
6253
6255
6256
6266
6270
6275
6276
6278
6280
6282
6286
6287
6292
6295
6297
6299
6302
6305
6308
6309
6314
6316
6317
6323
6324
6326
6330
6332
6335
6347
6348
6352
6354
6356
6359
6360
6363
6364
6369
6374
6376
6378
6380
6383
6388
6389
6392
6397
6399
6401
6404
6405
6407
6410
6413
6415
6417
6418
6421
6422
6426
6428
6439
6441
6444
6447
6451
6453
6457
6458
6461
6462
6465
6466
6473
6475
6476
6478
6479
6481
6484
6485
6488
6491
6494
6496
6500
6502
6504
6508
6510
6513
6515
6516
6521
6525
6529
6532
6535
6536
6538
6542
6544
6545
6547
6552
6555
6557
6558
6560
6565
6569
6572
6577
6579
6580
6582
6584
6591
6592
6594
6595
6597
6599
6605
6608
6611
6613
6615
6621
6623
6625
6629
6631
6632
6635
6637
6640
6644
6647
6649
6652
6656
6657
6661
6662
6665
6670
6674
6676
6678
6680
6684
6685
6687
6689
6691
6695
6701
6702
6704
6705
6708
6709
6718
6719
6721
6723
6725
6729
6730
6732
6734
6736
6740
6747
6748
6750
6751
6754
6757
6758
6763
6765
6767
6770
6772
6776
6780
6781
6789
6790
6795
6797
6799
6800
6809
6812
6817
6820
6824
6825
6829
6831
6833
6840
6843
6844
6849
6851
6856
6857
6863
6867
6871
6873
6875
6881
6884
6890
6891
6894
6897
6898
6900
6902
6904
6908
6910
6911
6915
6919
6921
6924
6926
6927
6930
6932
6933
6939
6942
6943
6946
6947
6949
6950
6954
6957
6960
6962
6966
6967
6970
6973
6975
6977
6978
6985
6993
6995
6997
6999
7000
7002
7003
7005
7007
7009
7011
7018
7020
7021
7025
7028
7029
7031
7033
7035
7044
7046
7049
7050
7059
7060
7062
7063
7065
7068
7069
7072
7073
7075
7077
7079
7081
7084
7086
7092
7094
7097
7099
7102
7103
7107
7110
7111
7116
7117
7121
7123
7125
7126
7130
7131
7137
7138
7142
7144
7146
7148
7152
7153
7155
7157
7163
7166
7169
7174
7176
7179
7181
7183
7185
7186
7189
7192
7195
7199
7203
7205
7207
7210
7212
7213
7217
7219
7222
7223
7225
7227
7233
7235
7237
7238
7244
7245
7248
7250
7252
7254
7255
7259
7268
7270
7276
7279
7280
7285
7286
7288
7289
7291
7293
7300
7302
7305
7306
7309
7312
7315
7319
7323
7325
7331
7335
7340
7341
7344
7345
7349
7350
7353
7355
7358
7360
7361
7363
7366
7369
7371
7377
7380
7381
7384
7385
7389
7392
7394
7397
7399
7401
7403
7406
7408
7410
7412
7413
7416
7418
7419
7424
7427
7431
7433
7437
7448
7450
7451
7455
7462
7467
7473
7475
7477
7480
7482
7488
7489
7491
7493
7497
7499
7501
7502
7514
7515
7519
7520
7522
7523
7525
7526
7530
7532
7534
7535
7542
7543
7547
7548
7553
7554
7561
7564
7565
7569
7574
7576
7578
7581
7584
7585
7589
7592
7595
7597
7600
7601
7609
7613
7615
7616
7618
7621
7624
7626
7628
7635
7636
7638
7641
7643
7644
7647
7648
7650
7651
7654
7656
7657
7659
7660
7665
7667
7669
7670
7672
7674
7676
7679
7685
7689
7690
7695
7696
7698
7700
7701
7710
7712
7715
7717
7725
7727
7728
7731
7732
7734
7736
7738
7740
7742
7743
7748
7749
7753
7754
7761
7762
7768
7770
7771
7775
7776
7780
7782
7784
7786
7787
7792
7795
7797
7798
7802
7807
7809
7810
7814
7816
7818
7821
7823
7824
7828
7832
7834
7835
7838
7842
7843
7845
7847
7851
7852
7857
7861
7864
7867
7868
7871
7872
7874
7875
7880
7885
7889
7891
7892
7894
7895
7899
7904
7907
7908
7912
7914
7916
7919
7921
7922
7928
7929
7933
7934
7936
7939
7942
7945
7947
7949
7952
7956
7957
7963
7965
7969
7972
7973
7975
7978
7980
7984
7986
7987
7989
7991
7993
8000
8001
8005
8007
8008
8021
8027
8029
8031
8034
8036
8039
8041
8043
8044
8061
8063
8068
8070
8073
8076
8078
8082
8086
8089
8090
8094
8096
8097
8101
8103
8106
8108
8115
8117
8122
8126
8129
8133
8137
8140
8149
8150
8156
8157
8162
8163
8166
8168
8169
8171
8173
8176
8180
8183
8184
8190
8192
8197
8199
8203
8205
8206
8210
8211
8214
8216
8218
8219
8221
8222
8226
8238
8242
8244
8246
8248
8250
8254
8256
8257
8262
8266
8268
8269
8277
8285
8287
8289
8291
8294
8298
8300
8303
8305
8313
8315
8317
8318
8321
8322
8328
8330
8332
8333
8336
8337
8339
8341
8344
8345
8350
8351
8354
8355
8358
8359
8363
8365
8366
8370
8372
8374
8375
8378
8380
8384
8388
8390
8392
8394
8395
8401
8402
8408
8410
8412
8413
8415
8417
8418
8425
8429
8432
8434
8435
8441
8442
8446
8447
8450
8451
8455
8457
8458
8463
8465
8468
8472
8474
8476
8480
8482
8486
8491
8493
8495
8496
8499
8501
8503
8504
8509
8511
8513
8514
8516
8517
8519
8520
8522
8524
8526
8528
8531
8534
8535
8537
8539
8540
8543
8546
8547
8550
8555
8557
8558
8562
8563
8566
8568
8569
8571
8572
8577
8578
8580
8582
8589
8591
8594
8597
8598
8607
8609
8610
8612
8613
8616
8619
8622
8625
8627
8631
8634
8636
8639
8641
8645
8647
8653
8654
8657
8659
8664
8668
8670
8672
8679
8681
8683
8685
8694
8698
8701
8703
8706
8709
8711
8713
8721
8723
8726
8727
8731
8747
8749
8750
8755
8756
8759
8761
8763
8765
8767
8770
8772
8775
8778
8780
8782
8784
8785
8787
8788
8790
8792
8800
8805
8806
8811
8817
8820
8821
8826
8827
8831
8833
8834
8838
8841
8843
8846
8849
8852
8854
8856
8857
8861
8863
8866
8867
8870
8875
8878
8881
8883
8886
8887
8889
8893
8896
8898
8900
8901
8903
8904
8906
8907
8910
8911
8913
8915
8917
8922
8924
8925
8930
8934
8938
8942
8944
8946
8947
8951
8954
8961
8964
8965
8967
8973
8975
8976
8983
8985
8987
8990
8995
8997
9001
9002
9005
9007
9016
9019
9021
9023
9024
9029
9031
9037
9041
9043
9044
9047
9048
9052
9056
9060
9062
9065
9066
9068
9069
9071
9073
9076
9081
9082
9085
9088
9090
9096
9099
9101
9103
9104
9106
9108
9112
9117
9118
9123
9127
9129
9133
9135
9137
9138
9141
9143
9144
9146
9148
9152
9155
9157
9159
9160
9162
9163
9165
9171
9177
9178
9184
9186
9188
9191
9193
9196
9198
9206
9208
9217
9219
9221
9223
9224
9229
9230
9237
9238
9241
9242
9245
9247
9248
9254
9256
9257
9259
9261
9262
9269
9270
9273
9275
9277
9281
9282
9284
9286
9288
9289
9293
9294
9297
9298
9308
9309
9313
9317
9322
9324
9326
9329
9331
9333
9335
9338
9341
9343
9344
9351
9353
9359
9361
9362
9365
9366
9368
9369
9373
9374
9378
9381
9386
9388
9390
9391
9393
9403
9407
9408
9411
9413
9415
9418
9424
9426
9427
9429
9430
9433
9438
9443
9445
9447
9449
9450
9453
9455
9456
9460
9463
9464
9467
9469
9472
9479
9486
9488
9493
9495
9496
9498
9503
9505
9508
9514
9516
9519
9520
9525
9526
9530
9531
9536
9543
9546
9547
9551
9554
9555
9559
9561
9563
9564
9566
9567
9572
9573
9575
9580
9585
9586
9597
9601
9603
9605
9611
9612
9622
9623
9631
9633
9634
9639
9643
9645
9647
9648
9651
9654
9655
9657
9658
9666
9667
9669
9671
9672
9677
9679
9682
9685
9690
9691
9693
9696
9698
9699
9701
9709
9711
9713
9715
9716
9722
9723
9725
9726
9729
9730
9733
9734
9736
9738
9742
9749
9750
9754
9756
9760
9762
9768
9772
9773
9778
9780
9783
9784
9786
9789
9790
9796
9798
9802
9804
9806
9807
9809
9814
9816
9818
9827
9830
9832
9834
9835
9838
9840
9843
9845
9846
9849
9851
9852
9855
9857
9860
9862
9868
9873
9875
9877
9884
9888
9891
9894
9896
9897
9903
9905
9908
9910
9912
9915
9917
9919
9923
9931
9932
9935
9936
9939
9942
9945
9947
9949
9951
9952
9955
9957
9958
9960
9961
9964
9967
9970
9971
9976
9977
9981
9984
9987
9988
9990
9992
9993
9997
10000
10001
Closing down connection...
