4
7
9
11
13
17
19
22
25
27
29
32
35
38
39
41
43
46
47
49
52
53
58
59
62
65
67
69
73
75
78
80
82
84
86
88
90
93
97
99
102
105
107
110
113
114
116
118
120
122
124
127
128
135
137
141
143
146
149
151
153
156
157
160
162
164
166
169
172
173
176
182
187
191
192
195
196
199
204
206
208
210
212
214
216
219
222
226
227
231
233
235
238
240
244
247
248
251
252
255
257
260
261
264
267
270
272
274
276
278
281
284
286
290
293
297
299
304
305
307
309
311
315
317
320
322
324
328
329
332
335
337
339
341
344
346
348
350
352
354
356
358
361
362
368
370
373
374
376
381
385
388
391
395
397
402
404
406
409
411
413
417
419
424
426
432
435
436
438
440
442
445
447
451
454
456
458
460
464
466
470
472
476
481
482
488
493
496
497
500
502
506
508
511
515
517
523
526
528
530
533
535
538
540
543
546
548
550
553
557
559
561
564
566
569
571
574
576
581
583
587
590
593
597
600
601
603
605
609
610
614
616
620
622
624
626
628
630
632
635
636
638
641
643
645
647
649
653
659
660
662
664
666
670
671
675
677
680
681
685
687
690
694
697
700
702
704
707
710
712
717
719
722
726
729
731
734
735
738
740
742
744
747
750
755
760
761
764
766
768
770
774
777
779
781
784
785
789
790
797
799
805
806
808
811
814
817
821
823
829
831
833
835
838
840
844
846
848
850
852
856
859
861
866
870
873
875
877
884
885
887
889
892
895
899
903
905
908
910
914
916
919
922
926
930
932
935
937
941
943
950
951
954
956
960
961
964
967
969
971
973
975
977
979
982
985
987
991
992
996
998
1000
1003
1006
1008
1010
1013
1014
1016
1019
1022
1024
1027
1029
1031
1034
1036
1040
1041
1043
1047
1049
1052
1054
1058
1062
1064
1067
1069
1072
1074
1076
1080
1083
1090
1091
1094
1096
1098
1102
1105
1107
1110
1111
1114
1117
1119
1121
1124
1127
1131
1133
1135
1138
1141
1142
1144
1146
1150
1153
1157
1158
1160
1162
1165
1167
1169
1172
1176
1178
1186
1188
1190
1193
1195
1198
1200
1203
1205
1207
1209
1212
1214
1216
1219
1220
1222
1224
1227
1229
1232
1234
1238
1240
1242
1245
1248
1249
1251
1253
1257
1259
1263
1265
1267
1269
1272
1273
1277
1278
1280
1282
1287
1289
1291
1295
1297
1302
1304
1308
1311
1315
1322
1325
1327
1329
1332
1333
1336
1339
1342
1346
1347
1349
1351
1354
1355
1360
1364
1366
1368
1370
1372
1374
1377
1379
1381
1384
1386
1388
1394
1396
1400
1401
1409
1411
1414
1418
1420
1426
1428
1431
1435
1438
1440
1442
1445
1446
1450
1455
1461
1463
1466
1469
1470
1474
1475
1481
1485
1487
1491
1493
1496
1498
1501
1503
1507
1509
1511
1515
1517
1519
1522
1525
1527
1532
1537
1540
1542
1544
1547
1553
1555
1557
1559
1561
1564
1566
1568
1571
1573
1576
1578
1580
1582
1585
1587
1589
1592
1595
1597
1600
1602
1605
1607
1609
1611
1614
1615
1619
1621
1624
1625
1628
1629
1636
1638
1640
1642
1645
1647
1651
1653
1656
1659
1661
1663
1667
1669
1671
1673
1675
1677
1679
1681
1684
1685
1691
1692
1694
1696
1700
1703
1704
1709
1710
1712
1715
1719
1720
1724
1725
1731
1733
1736
1740
1742
1745
1747
1750
1752
1754
1757
1760
1761
1764
1769
1771
1774
1776
1779
1782
1785
1789
1790
1792
1795
1797
1799
1801
1803
1805
1808
1811
1813
1815
1818
1820
1823
1824
1828
1830
1834
1837
1841
1842
1847
1849
1856
1859
1863
1865
1869
1870
1874
1876
1878
1880
1883
1885
1887
1892
1893
1897
1900
1905
1907
1913
1916
1918
1920
1923
1924
1928
1930
1933
1935
1938
1940
1942
1944
1947
1950
1952
1954
1956
1958
1961
1964
1966
1968
1972
1974
1977
1978
1981
1984
1985
1988
1989
1993
1995
1998
1999
2002
2006
2010
2011
2013
2015
2019
2022
2027
2030
2032
2037
2039
2041
2045
2047
2051
2054
2055
2057
2059
2063
2064
2067
2068
2071
2072
2076
2080
2081
2083
2085
2087
2090
2093
2095
2102
2105
2108
2113
2115
2117
2120
2123
2127
2128
2133
2135
2137
2139
2141
2144
2146
2149
2152
2156
2158
2161
2162
2164
2167
2169
2171
2173
2175
2177
2180
2181
2185
2187
2191
2193
2195
2198
2201
2203
2205
2207
2210
2213
2216
2219
2221
2227
2229
2236
2238
2248
2250
2255
2258
2259
2261
2264
2266
2269
2270
2274
2277
2279
2282
2284
2286
2288
2290
2292
2294
2296
2298
2301
2303
2305
2310
2312
2315
2318
2321
2323
2327
2328
2331
2334
2338
2341
2343
2345
2348
2349
2355
2356
2362
2364
2366
2370
2372
2375
2377
2381
2385
2387
2389
2391
2393
2395
2397
2400
2401
2403
2405
2407
2409
2412
2416
2419
2421
2427
2431
2432
2436
2439
2447
2448
2451
2455
2457
2459
2461
2464
2466
2468
2471
2473
2476
2480
2482
2484
2486
2490
2492
2497
2499
2502
2503
2506
2508
2513
2515
2517
2519
2522
2524
2526
2530
2535
2538
2540
2542
2544
2546
2549
2551
2554
2555
2557
2560
2564
2568
2569
2571
2574
2578
2579
2581
2583
2585
2587
2589
2592
2594
2596
2598
2601
2603
2605
2608
2610
2613
2616
2618
2620
2622
2624
2626
2628
2630
2632
2637
2639
2643
2645
2649
2652
2654
2658
2659
2662
2665
2670
2673
2676
2678
2680
2683
2685
2689
2690
2694
2695
2698
2699
2701
2704
2708
2709
2711
2714
2715
2720
2721
2723
2725
2727
2729
2731
2734
2736
2738
2741
2747
2752
2754
2759
2761
2763
2766
2767
2771
2772
2775
2778
2781
2783
2786
2789
2791
2795
2797
2800
2802
2804
2806
2809
2810
2813
2815
2817
2824
2825
2828
2834
2836
2839
2843
2844
2847
2848
2850
2852
2856
2857
2860
2863
2866
2868
2873
2876
2877
2881
2882
2884
2887
2888
2891
2893
2898
2899
2902
2904
2906
2908
2911
2913
2915
2918
2919
2924
2925
2928
2930
2932
2934
2937
2938
2942
2943
2946
2949
2951
2953
2955
2957
2959
2964
2966
2968
2971
2973
2975
2977
2980
2983
2985
2987
2992
2994
2996
2999
3001
3004
3006
3009
3010
3013
3015
3018
3019
3021
3023
3025
3028
3031
3032
3035
3038
3042
3045
3047
3049
3052
3053
3056
3059
3060
3062
3064
3066
3072
3073
3076
3078
3080
3082
3084
3087
3088
3093
3095
3097
3103
3105
3115
3117
3119
3121
3124
3125
3129
3131
3133
3135
3138
3139
3144
3146
3148
3151
3152
3157
3159
3161
3163
3166
3168
3171
3173
3175
3177
3179
3181
3183
3188
3190
3192
3197
3198
3202
3204
3206
3209
3210
3212
3214
3217
3221
3222
3224
3226
3231
3233
3235
3237
3239
3243
3246
3249
3251
3254
3255
3258
3260
3263
3266
3268
3275
3278
3280
3282
3285
3287
3291
3294
3297
3302
3304
3308
3309
3313
3315
3317
3319
3322
3326
3330
3332
3334
3336
3346
3350
3351
3353
3356
3358
3360
3364
3365
3367
3370
3374
3375
3377
3380
3383
3387
3391
3393
3395
3402
3404
3406
3408
3410
3414
3415
3417
3419
3421
3425
3427
3430
3435
3439
3441
3443
3449
3451
3453
3455
3459
3462
3464
3466
3470
3472
3477
3479
3486
3489
3490
3493
3495
3498
3500
3505
3508
3512
3514
3517
3520
3522
3525
3528
3532
3533
3535
3537
3540
3541
3544
3546
3549
3552
3555
3557
3560
3563
3566
3568
3570
3572
3574
3576
3579
3580
3585
3591
3593
3595
3598
3599
3601
3604
3606
3609
3611
3614
3617
3619
3621
3623
3625
3627
3629
3632
3634
3637
3639
3644
3645
3649
3651
3658
3659
3663
3665
3667
3670
3672
3674
3680
3682
3684
3689
3693
3695
3698
3700
3703
3705
3708
3709
3712
3714
3716
3718
3720
3722
3725
3726
3728
3730
3732
3736
3740
3742
3744
3747
3749
3751
3753
3757
3758
3760
3763
3766
3769
3774
3776
3779
3781
3783
3785
3788
3789
3793
3795
3798
3799
3801
3806
3807
3811
3814
3817
3819
3821
3827
3828
3831
3834
3836
3840
3844
3845
3847
3849
3853
3855
3857
3860
3862
3864
3866
3868
3871
3874
3876
3878
3880
3883
3885
3888
3893
3894
3896
3899
3902
3903
3906
3908
3913
3915
3917
3923
3924
3928
3930
3932
3934
3938
3940
3943
3944
3946
3948
3950
3953
3956
3958
3962
3963
3965
3968
3971
3973
3977
3980
3983
3986
3987
3989
3991
3993
3995
3998
4001
4003
4005
4007
4012
4014
4016
4018
4020
4022
4025
4027
4029
4032
4036
4038
4041
4043
4045
4048
4050
4054
4056
4060
4064
4072
4074
4077
4080
4084
4086
4089
4092
4094
4096
4099
4101
4105
4107
4111
4114
4117
4120
4121
4124
4126
4128
4130
4133
4135
4138
4139
4142
4144
4146
4148
4150
4153
4155
4158
4161
4164
4165
4167
4169
4171
4173
4177
4180
4182
4185
4188
4190
4192
4194
4196
4198
4200
4203
4205
4208
4210
4212
4216
4218
4220
4224
4230
4233
4234
4236
4238
4241
4244
4246
4251
4255
4256
4258
4260
4262
4264
4267
4268
4270
4272
4277
4280
4283
4288
4291
4295
4297
4299
4301
4304
4306
4310
4311
4313
4316
4320
4322
4325
4327
4332
4334
4338
4340
4342
4345
4346
4350
4353
4355
4357
4360
4364
4367
4370
4374
4375
4377
4379
4386
4388
4390
4393
4396
4399
4401
4405
4407
4411
4413
4416
4417
4420
4422
4425
4427
4430
4432
4436
4439
4443
4447
4451
4453
4456
4459
4461
4465
4467
4469
4472
4474
4477
4481
4483
4489
4493
4495
4498
4499
4502
4504
4507
4512
4515
4518
4521
4523
4525
4528
4529
4532
4536
4539
4543
4544
4549
4551
4553
4555
4558
4563
4565
4569
4571
4573
4575
4578
4580
4582
4586
4591
4594
4598
4600
4603
4605
4608
4610
4613
4616
4618
4620
4622
4624
4626
4629
4633
4635
4637
4639
4641
4644
4646
4648
4650
4652
4655
4657
4659
4661
4663
4665
4669
4671
4674
4677
4679
4682
4684
4686
4689
4690
4694
4696
4699
4703
4704
4708
4710
4714
4715
4718
4719
4723
4725
4728
4732
4735
4737
4741
4742
4745
4749
4751
4753
4755
4757
4761
4762
4767
4769
4771
4774
4782
4784
4786
4790
4791
4793
4796
4797
4800
4802
4804
4806
4808
4810
4813
4814
4816
4818
4821
4822
4827
4829
4832
4833
4835
4837
4839
4842
4844
4846
4851
4853
4855
4857
4859
4861
4865
4871
4872
4874
4877
4879
4883
4884
4886
4891
4892
4895
4897
4899
4903
4905
4909
4911
4914
4917
4918
4920
4923
4927
4931
4933
4935
4937
4940
4941
4944
4946
4948
4951
4952
4956
4958
4962
4963
4965
4967
4970
4973
4980
4981
4986
4988
4996
4999
5001
5003
5007
5010
5012
5014
5017
5018
5020
5022
5024
5028
5029
5032
5034
5036
5041
5043
5045
5047
5050
5052
5056
5058
5061
5066
5067
5071
5074
5076
5078
5081
5085
5086
5089
5091
5096
5099
5100
5105
5107
5109
5111
5113
5115
5118
5121
5122
5124
5127
5129
5133
5136
5138
5142
5143
5145
5147
5149
5153
5156
5158
5160
5162
5165
5168
5169
5173
5177
5179
5181
5183
5186
5188
5191
5193
5195
5197
5201
5203
5208
5210
5215
5220
5223
5225
5230
5232
5235
5236
5238
5240
5243
5245
5248
5251
5254
5257
5258
5260
5262
5265
5267
5270
5273
5276
5278
5280
5282
5286
5289
5291
5294
5298
5300
5302
5305
5307
5309
5314
5318
5319
5322
5324
5329
5331
5334
5337
5341
5344
5345
5352
5353
5356
5359
5361
5363
5366
5369
5371
5373
5376
5378
5383
5386
5389
5392
5396
5401
5404
5406
5409
5411
5413
5415
5417
5421
5423
5425
5430
5432
5435
5439
5442
5446
5450
5451
5453
5455
5462
5464
5466
5468
5470
5474
5475
5477
5481
5483
5485
5488
5494
5496
5498
5500
5502
5504
5506
5508
5511
5514
5516
5519
5521
5523
5525
5527
5532
5535
5540
5542
5544
5546
5549
5551
5553
5556
5559
5560
5563
5565
5567
5569
5571
5573
5576
5578
5581
5584
5585
5588
5589
5591
5596
5597
5600
5602
5604
5606
5614
5617
5620
5621
5624
5626
5635
5637
5639
5642
5643
5645
5647
5649
5653
5654
5656
5658
5662
5665
5669
5670
5673
5674
5678
5681
5683
5685
5688
5689
5693
5696
5699
5702
5706
5708
5711
5715
5718
5721
5722
5727
5729
5732
5734
5737
5741
5744
5746
5748
5750
5752
5754
5759
5761
5764
5768
5770
5772
5774
5776
5778
5780
5782
5784
5786
5788
5791
5794
5796
5800
5802
5805
5807
5811
5814
5816
5820
5821
5823
5825
5827
5830
5838
5840
5842
5846
5849
5850
5854
5856
5861
5868
5871
5873
5876
5878
5880
5882
5886
5888
5890
5894
5896
5899
5902
5903
5905
5907
5910
5912
5914
5916
5918
5920
5923
5924
5928
5929
5932
5935
5940
5941
5944
5947
5948
5951
5953
5955
5958
5961
5963
5966
5969
5971
5977
5979
5982
5984
5986
5988
5991
5993
5999
6004
6006
6008
6010
6012
6014
6016
6020
6022
6024
6026
6028
6031
6036
6038
6041
6044
6047
6050
6051
6053
6055
6057
6061
6062
6064
6066
6068
6073
6074
6077
6081
6083
6085
6088
6090
6093
6095
6100
6101
6103
6107
6108
6111
6115
6116
6120
6124
6125
6127
6129
6132
6136
6138
6140
6142
6145
6147
6149
6151
6154
6157
6160
6162
6165
6166
6169
6172
6176
6178
6180
6182
6184
6187
6190
6193
6194
6197
6198
6205
6207
6212
6214
6216
6219
6220
6222
6224
6226
6229
6232
6235
6239
6241
6243
6246
6248
6253
6257
6260
6265
6267
6272
6274
6277
6279
6281
6283
6287
6289
6291
6295
6296
6300
6303
6305
6309
6310
6313
6315
6318
6320
6324
6327
6329
6331
6333
6336
6338
6340
6342
6344
6348
6350
6352
6355
6361
6363
6369
6370
6374
6376
6379
6380
6382
6384
6386
6390
6393
6395
6397
6399
6401
6405
6406
6408
6410
6412
6414
6416
6419
6420
6423
6426
6429
6431
6433
6436
6439
6444
6446
6453
6458
6460
6464
6465
6468
6469
6473
6475
6477
6481
6482
6484
6486
6489
6492
6496
6498
6500
6502
6504
6506
6508
6511
6513
6517
6520
6522
6524
6526
6529
6530
6532
6534
6537
6539
6541
6543
6547
6549
6551
6554
6556
6558
6560
6562
6564
6567
6570
6572
6574
6577
6579
6582
6585
6587
6590
6593
6597
6598
6601
6603
6607
6609
6612
6617
6618
6623
6628
6629
6632
6634
6636
6639
6642
6644
6646
6648
6650
6654
6656
6665
6667
6670
6672
6675
6677
6682
6686
6687
6689
6691
6693
6695
6697
6701
6704
6706
6711
6715
6720
6724
6727
6730
6734
6736
6738
6741
6742
6745
6749
6752
6755
6756
6759
6762
6764
6766
6768
6770
6773
6774
6776
6780
6781
6784
6786
6790
6794
6796
6799
6801
6803
6805
6809
6810
6812
6815
6816
6824
6825
6829
6830
6832
6834
6839
6841
6843
6847
6849
6852
6854
6858
6860
6863
6864
6866
6870
6873
6876
6878
6880
6883
6886
6888
6891
6892
6894
6897
6898
6902
6905
6906
6908
6910
6912
6915
6917
6920
6922
6925
6928
6931
6933
6935
6937
6940
6942
6946
6948
6950
6952
6955
6957
6959
6962
6964
6967
6969
6971
6973
6975
6977
6979
6982
6984
6986
6988
6990
6994
6995
6997
7000
7002
7004
7007
7008
7013
7016
7019
7022
7023
7025
7027
7029
7031
7033
7036
7038
7042
7044
7046
7049
7052
7055
7056
7058
7060
7062
7066
7067
7071
7072
7074
7076
7078
7083
7085
7087
7089
7091
7093
7096
7098
7101
7102
7107
7110
7112
7114
7117
7121
7125
7128
7132
7135
7137
7141
7143
7146
7149
7154
7156
7158
7160
7162
7164
7166
7168
7171
7172
7174
7176
7178
7181
7184
7186
7188
7190
7192
7195
7198
7199
7202
7206
7207
7211
7213
7216
7218
7220
7222
7225
7227
7231
7232
7234
7236
7239
7241
7243
7245
7249
7254
7255
7258
7260
7263
7265
7268
7270
7273
7276
7277
7279
7281
7284
7287
7288
7291
7292
7297
7299
7302
7304
7309
7311
7314
7315
7317
7321
7323
7325
7327
7329
7332
7336
7337
7339
7342
7347
7349
7352
7356
7360
7363
7365
7367
7370
7372
7378
7381
7383
7385
7388
7391
7393
7396
7398
7400
7403
7405
7407
7415
7419
7420
7423
7426
7428
7431
7433
7436
7437
7440
7441
7445
7447
7451
7452
7455
7457
7459
7461
7463
7466
7469
7471
7474
7476
7479
7481
7487
7489
7492
7494
7496
7498
7500
7505
7507
7509
7511
7513
7515
7517
7519
7522
7526
7532
7534
7539
7541
7544
7547
7549
7551
7557
7559
7561
7563
7565
7569
7571
7574
7576
7579
7583
7584
7588
7591
7592
7598
7601
7603
7606
7607
7610
7611
7614
7616
7619
7621
7625
7627
7629
7632
7633
7639
7641
7643
7647
7650
7653
7655
7657
7660
7663
7664
7667
7669
7671
7673
7677
7678
7682
7684
7687
7689
7693
7696
7698
7700
7702
7705
7707
7710
7711
7717
7721
7723
7725
7729
7731
7734
7736
7740
7742
7745
7749
7751
7753
7756
7758
7760
7762
7765
7767
7771
7774
7775
7778
7779
7782
7784
7787
7790
7792
7794
7796
7798
7800
7802
7804
7806
7808
7810
7812
7816
7817
7821
7826
7829
7833
7834
7836
7840
7841
7843
7845
7849
7851
7857
7858
7860
7863
7865
7868
7870
7873
7876
7878
7881
7884
7886
7888
7891
7892
7896
7898
7901
7905
7906
7908
7911
7913
7915
7919
7921
7925
7927
7930
7933
7936
7938
7941
7943
7945
7948
7950
7952
7956
7959
7961
7963
7965
7969
7971
7974
7975
7979
7982
7985
7988
7989
7991
7993
7997
8000
8004
8007
8008
8010
8012
8016
8017
8019
8021
8023
8025
8027
8032
8033
8035
8039
8041
8044
8046
8049
8051
8053
8057
8059
8061
8063
8066
8067
8069
8071
8073
8075
8079
8081
8084
8087
8089
8091
8094
8096
8098
8101
8104
8107
8109
8111
8113
8117
8118
8120
8122
8125
8130
8133
8137
8138
8140
8142
8144
8146
8149
8150
8154
8155
8158
8159
8162
8163
8166
8169
8172
8173
8178
8180
8185
8187
8189
8191
8193
8195
8198
8200
8202
8204
8207
8209
8211
8215
8216
8219
8220
8223
8226
8227
8231
8234
8237
8240
8242
8244
8247
8249
8251
8253
8255
8257
8259
8261
8263
8265
8268
8271
8273
8276
8278
8282
8286
8292
8294
8297
8299
8301
8304
8307
8310
8311
8314
8315
8320
8322
8324
8327
8328
8334
8339
8341
8344
8346
8348
8350
8352
8355
8357
8359
8362
8364
8369
8370
8379
8382
8384
8386
8388
8391
8394
8398
8400
8402
8404
8409
8410
8417
8418
8420
8423
8426
8428
8430
8432
8437
8439
8442
8444
8446
8449
8451
8453
8455
8459
8460
8463
8465
8468
8469
8473
8475
8477
8479
8481
8483
8488
8489
8492
8494
8497
8499
8501
8504
8507
8509
8512
8515
8519
8521
8524
8526
8529
8533
8534
8536
8539
8542
8545
8548
8551
8552
8554
8557
8561
8563
8566
8568
8570
8572
8574
8577
8579
8581
8584
8587
8590
8593
8595
8597
8599
8601
8605
8607
8609
8611
8614
8616
8619
8621
8624
8626
8629
8631
8634
8635
8638
8640
8644
8647
8648
8650
8652
8655
8656
8658
8660
8662
8665
8667
8669
8672
8674
8679
8681
8684
8685
8688
8694
8696
8698
8702
8705
8706
8708
8710
8712
8716
8718
8722
8724
8727
8728
8732
8734
8736
8740
8742
8747
8751
8752
8754
8759
8761
8763
8769
8770
8773
8778
8780
8784
8785
8788
8791
8792
8794
8797
8798
8800
8802
8805
8808
8811
8812
8815
8816
8819
8822
8824
8826
8830
8833
8837
8838
8842
8843
8846
8849
8851
8853
8858
8860
8862
8864
8866
8875
8878
8879
8881
8884
8888
8890
8893
8896
8900
8901
8905
8907
8909
8911
8913
8915
8918
8921
8923
8925
8928
8930
8933
8936
8939
8943
8945
8948
8950
8952
8954
8956
8959
8961
8964
8965
8968
8970
8973
8974
8978
8982
8986
8990
8992
8994
8997
8999
9002
9004
9007
9008
9010
9012
9014
9019
9020
9024
9025
9029
9031
9033
9037
9039
9041
9044
9045
9047
9049
9051
9054
9056
9060
9061
9066
9067
9070
9072
9074
9076
9079
9082
9083
9087
9089
9091
9093
9097
9101
9109
9111
9114
9116
9119
9122
9123
9128
9131
9136
9137
9139
9141
9143
9146
9148
9151
9153
9156
9158
9160
9162
9165
9170
9171
9173
9177
9179
9182
9184
9186
9188
9191
9193
9195
9197
9201
9203
9207
9209
9215
9217
9219
9221
9226
9231
9234
9237
9240
9242
9244
9247
9249
9251
9253
9256
9258
9261
9263
9267
9270
9273
9274
9276
9281
9283
9286
9287
9290
9293
9297
9301
9303
9307
9308
9310
9313
9314
9317
9322
9324
9327
9328
9332
9335
9336
9339
9341
9345
9346
9349
9351
9354
9356
9359
9361
9363
9366
9368
9370
9372
9375
9377
9380
9384
9387
9389
9391
9394
9396
9398
9402
9404
9406
9408
9411
9414
9417
9419
9421
9423
9435
9437
9440
9442
9445
9447
9449
9451
9456
9457
9459
9462
9464
9466
9469
9474
9476
9480
9484
9485
9487
9492
9496
9499
9501
9503
9507
9508
9510
9513
9516
9519
9522
9527
9528
9531
9533
9536
9538
9542
9543
9545
9548
9550
9553
9555
9557
9559
9562
9564
9566
9570
9572
9574
9576
9582
9583
9586
9587
9591
9593
9595
9598
9599
9601
9603
9605
9607
9611
9612
9614
9617
9618
9621
9624
9626
9628
9631
9635
9637
9639
9642
9644
9646
9649
9651
9656
9658
9660
9662
9665
9671
9674
9676
9679
9681
9685
9690
9692
9695
9696
9698
9702
9704
9707
9710
9714
9717
9720
9722
9724
9726
9728
9730
9736
9737
9740
9742
9744
9747
9749
9751
9754
9758
9760
9763
9765
9767
9771
9774
9777
9781
9785
9788
9789
9793
9794
9797
9799
9801
9804
9808
9810
9812
9814
9817
9819
9821
9826
9828
9832
9835
9839
9841
9844
9846
9849
9851
9855
9857
9859
9861
9863
9865
9867
9871
9873
9876
9879
9882
9884
9890
9892
9897
9899
9902
9905
9907
9909
9911
9913
9916
9918
9920
9923
9925
9928
9931
9934
9939
9943
9946
9952
9954
9956
9958
9960
9962
9966
9968
9971
9973
9975
9977
9980
9981
9984
9985
9988
9989
9991
9993
9997
10001
10008
10009
10012
10014
10019
10022
10025
10027
10031
10035
10036
10040
10042
10045
10046
10048
10050
10052
10054
10059
10062
10064
10066
10068
10070
10072
10074
10076
10078
10080
10083
10085
10089
10091
10094
10097
10100
10101
10103
10107
10109
10112
10113
10117
10118
10121
10127
10129
10134
10135
10143
10144
10147
10148
10152
10154
10157
10159
10161
10163
10167
10168
10170
10176
10179
10182
10184
10186
10189
10192
10193
10198
10201
10203
10206
10208
10211
10212
10215
10217
10220
10222
10224
10230
10231
10234
10236
10239
10240
10242
10245
10249
10251
10254
10256
10259
10260
10262
10265
10267
10269
10272
10273
10277
10281
10283
10287
10290
10292
10294
10296
10298
10300
10302
10304
10308
10309
10313
10316
10317
10321
10324
10327
10328
10331
10332
10334
10336
10339
10341
10343
10346
10348
10350
10353
10355
10358
10359
10362
10364
10368
10369
10372
10376
10379
10380
10382
10385
10390
10392
10395
10397
10399
10402
10403
10405
10408
10412
10415
10417
10419
10422
10424
10427
10429
10431
10434
10438
10440
10444
10445
10452
10455
10456
10460
10461
10463
10466
10468
10471
10473
10476
10480
10482
10485
10488
10490
10494
10496
10499
10502
10505
10509
10512
10515
10517
10520
10521
10525
10527
10529
10531
10533
10536
10539
10540
10543
10547
10548
10550
10554
10558
10560
10562
10564
10566
10569
10572
10574
10576
10579
10581
10583
10585
10587
10589
10591
10593
10597
10600
10603
10604
10606
10611
10613
10616
10617
10620
10622
10624
10626
10630
10631
10635
10636
10638
10641
10642
10644
10649
10651
10654
10657
10660
10663
10666
10668
10670
10673
10675
10678
10682
10683
10685
10688
10691
10693
10695
10697
10699
10701
10703
10706
10708
10710
10713
10715
10717
10719
10722
10723
10728
10730
10734
10739
10741
10743
10745
10747
10750
10751
10753
10756
10757
10759
10762
10765
10766
10774
10778
10780
10784
10786
10788
10791
10793
10795
10797
10799
10803
10804
10807
10808
10811
10813
10816
10818
10822
10824
10829
10830
10836
10838
10841
10845
10848
10849
10851
10853
10857
10860
10861
10864
10871
10874
10877
10879
10881
10885
10886
10890
10892
10895
10897
10899
10902
10905
10909
10912
10914
10916
10918
10920
10922
10925
10929
10931
10933
10935
10937
10939
10944
10946
10948
10950
10954
10957
10960
10962
10964
10966
10969
10971
10974
10976
10981
10983
10985
10987
10989
10992
10996
10998
11002
11003
11009
11011
11014
11016
11018
11020
11022
11026
11027
11030
11032
11037
11038
11040
11042
11044
11047
11049
11055
11056
11059
11061
11064
11066
11069
11072
11075
11077
11080
11082
11087
11089
11091
11094
11099
11101
11104
11106
11108
11110
11112
11114
11116
11119
11122
11126
11128
11135
11137
11139
11141
11143
11146
11150
11152
11155
11159
11160
11164
11165
11168
11169
11171
11174
11178
11180
11183
11184
11186
11188
11190
11192
11194
11196
11199
11200
11202
11204
11206
11210
11212
11214
11217
11219
11221
11223
11225
11227
11233
11236
11242
11245
11246
11251
11253
11257
11260
11263
11264
11267
11269
11273
11277
11279
11282
11284
11286
11288
11291
11293
11295
11297
11299
11302
11305
11308
11309
11312
11313
Closing down connection...
