3
7
9
16
19
21
24
25
28
30
32
34
38
40
43
46
55
57
63
66
67
71
73
78
80
85
87
91
92
96
98
101
103
106
108
111
113
117
119
131
134
138
142
147
149
151
153
159
162
168
171
177
180
183
185
187
192
193
196
200
202
205
206
210
214
215
217
219
223
225
228
229
235
239
246
250
252
257
258
270
271
274
277
280
283
292
295
298
300
303
304
308
314
316
320
321
325
330
338
339
348
350
354
357
361
363
367
369
373
375
378
382
384
387
390
391
394
397
403
409
414
416
422
425
429
430
437
438
441
444
448
454
458
460
463
465
469
475
478
488
489
496
499
503
504
508
511
513
517
520
527
529
532
536
538
540
542
548
552
556
557
560
562
564
569
571
574
576
579
580
583
587
588
591
593
595
601
604
607
610
611
613
616
618
623
624
628
632
635
636
640
643
650
652
654
656
659
660
664
669
676
678
685
687
689
691
694
695
700
702
705
706
711
713
718
722
727
729
731
743
748
751
762
766
767
772
773
779
781
784
786
791
794
796
800
803
804
807
817
823
825
828
829
832
833
836
837
840
842
846
850
853
856
858
861
863
868
873
876
877
884
887
894
898
901
903
906
909
910
913
916
917
921
923
928
929
932
936
938
941
943
945
948
951
952
958
960
962
964
966
969
971
974
977
981
985
991
994
997
998
1005
1006
1011
1015
1019
1022
1025
1026
1030
1032
1035
1037
1040
1045
1049
1052
1053
1057
1060
1064
1065
1067
1069
1071
1073
1075
1078
1080
1086
1089
1094
1097
1098
1103
1105
1108
1109
1111
1114
1117
1121
1122
1128
1129
1135
1138
1143
1146
1148
1150
1153
1154
1158
1161
1164
1168
1170
1173
1174
1179
1180
1183
1185
1190
1191
1194
1197
1199
1203
1205
1211
1212
1218
1220
1223
1225
1232
1234
1239
1241
1245
1250
1252
1255
1258
1263
1266
1271
1273
1276
1279
1285
1286
1288
1291
1296
1298
1301
1304
1305
1311
1314
1317
1318
1320
1322
1326
1328
1330
1335
1338
1342
1345
1351
1353
1356
1357
1361
1365
1367
1369
1371
1373
1376
1380
1382
1385
1388
1389
1393
1399
1404
1407
1413
1416
1419
1422
1426
1428
1440
1442
1446
1447
1451
1452
1455
1457
1461
1463
1466
1467
1471
1472
1476
1477
1480
1481
1486
1487
1492
1500
1509
1515
1518
1520
1526
1528
1531
1534
1536
1539
1540
1549
1552
1557
1559
1562
1563
1566
1568
1570
1572
1577
1579
1581
1584
1585
1589
1592
1595
1597
1600
1604
1611
1613
1615
1618
1624
1625
1631
1634
1637
1639
1641
1647
1649
1653
1656
1664
1669
1675
1677
1682
1683
1686
1687
1691
1696
1700
1703
1705
1709
1710
1712
1715
1719
1721
1723
1727
1730
1732
1736
1738
1740
1742
1747
1750
1751
1754
1756
1758
1761
1765
1771
1772
1774
1776
1784
1786
1789
1790
1792
1794
1796
1798
1801
1808
1821
1824
1827
1829
1836
1840
1844
1846
1851
1853
1857
1858
1860
1863
1867
1869
1872
1874
1880
1884
1887
1892
1895
1898
1902
1910
1911
1918
1919
1923
1924
1929
1933
1934
1937
1940
1943
1946
1949
1952
1955
1957
1960
1965
1967
1970
1972
1976
1978
1981
1982
1987
1988
1991
1992
1995
1999
2007
2011
2015
2018
2020
2022
2025
2027
2030
2032
2034
2036
2038
2041
2042
2046
2047
2050
2056
2058
2060
2064
2066
2071
2073
2075
2077
2081
2085
2088
2092
2093
2096
2106
2111
2112
2117
2119
2121
2125
2126
2133
2136
2138
2155
2156
2161
2164
2165
2170
2171
2177
2179
2182
2183
2186
2188
2190
2192
2199
2200
2204
2205
2208
2210
2215
2217
2221
2224
2227
2228
2230
2232
2235
2238
2242
2244
2247
2249
2256
2258
2264
2270
2274
2276
2280
2283
2291
2293
2296
2300
2302
2308
2310
2313
2316
2318
2322
2325
2329
2330
2336
2338
2344
2345
2352
2356
2360
2363
2367
2369
2383
2385
2391
2395
2401
2406
2408
2410
2412
2414
2418
2421
2427
2429
2435
2437
2439
2444
2446
2456
2459
2466
2467
2469
2476
2477
2482
2486
2490
2492
2495
2501
2507
2509
2520
2522
2526
2530
2535
2538
2539
2542
2545
2547
2549
2551
2554
2555
2560
2561
2565
2568
2570
2572
2580
2585
2589
2591
2601
2603
2608
2611
2613
2616
2619
2621
2623
2626
2630
2636
2637
2641
2644
2647
2651
2653
2656
2663
2666
2670
2671
2678
2680
2683
2684
2689
2690
2694
2696
2699
2700
2707
2709
2712
2713
2718
2720
2727
2728
2732
2735
2737
2740
2742
2750
2753
2754
2760
2762
2768
2771
2774
2787
2790
2796
2800
2802
2805
2809
2811
2818
2821
2822
2828
2831
2833
2836
2840
2844
2848
2851
2852
2857
2859
2865
2868
2871
2872
2878
2882
2885
2887
2891
2894
2895
2899
2901
2909
2912
2917
2919
2921
2923
2925
2928
2933
2938
2940
2943
2944
2949
2954
2957
2959
2961
2965
2967
2970
2971
2976
2980
2996
2999
3005
3007
3009
3011
3014
3019
3022
3025
3030
3031
3037
3040
3041
3046
3048
3053
3054
3056
3059
3060
3065
3066
3069
3071
3074
3076
3078
3080
3082
3084
3088
3097
3103
3106
3107
3109
3111
3115
3116
3118
3121
3123
3125
3129
3132
3136
3137
3142
3144
3153
3155
3159
3161
3165
3166
3173
3176
3183
3184
3194
3195
3201
3203
3213
3215
3222
3226
3228
3235
3239
3242
3245
3248
3256
3260
3262
3265
3270
3273
3276
3277
3280
3281
3285
3286
3288
3290
3297
3300
3308
3309
3313
3316
3319
3325
3326
3330
3332
3334
3339
3340
3342
3344
3347
3349
3351
3353
3358
3359
3363
3364
3366
3368
3370
3372
3374
3378
3379
3382
3383
3395
3397
3400
3402
3410
3411
3415
3418
3421
3423
3431
3435
3437
3441
3443
3450
3453
3454
3458
3461
3463
3466
3470
3474
3476
3479
3483
3486
3488
3491
3492
3495
3500
3501
3504
3507
3509
3511
3516
3519
3526
3530
3532
3535
3539
3546
3548
3551
3553
3555
3559
3560
3564
3565
3570
3574
3579
3581
3584
3586
3595
3598
3599
3604
3606
3608
3610
3612
3614
3618
3619
3621
3624
3625
3628
3629
3634
3636
3638
3640
3644
3645
3648
3649
3653
3655
3658
3659
3663
3664
3669
3670
3674
3681
3684
3687
3689
3691
3696
3697
3700
3701
3714
3717
3723
3726
3727
3735
3737
3742
3744
3747
3749
3751
3753
3757
3758
3761
3764
3767
3768
3774
3786
3789
3791
3794
3797
3802
3803
3808
3810
3812
3815
3820
3824
3826
3830
3832
3835
3836
3838
3840
3843
3845
3848
3849
3852
3858
3862
3863
3868
3870
3872
3874
3879
3881
3884
3886
3889
3890
3893
3896
3898
3900
3908
3909
3911
3913
3915
3920
3926
3933
3935
3938
3940
3943
3946
3951
3953
3955
3957
3960
3963
3965
3968
3969
3974
3975
3978
3979
3982
3984
3987
3993
3996
4009
4017
4019
4022
4024
4029
4032
4036
4039
4046
4051
4054
4055
4059
4061
4065
4066
4069
4071
4077
4079
4082
4084
4087
4089
4096
4098
4100
4102
4113
4114
4117
4119
4130
4132
4136
4149
4154
4156
4159
4161
4166
4167
4170
4172
4177
4187
4194
4199
4202
4207
4211
4219
4222
4223
4228
4229
4232
4233
4235
4237
4241
4242
4249
4251
4253
4255
4262
4265
4268
4270
4274
4275
4281
4285
4289
4291
4295
4296
4299
4301
4305
4310
4315
4318
4319
4322
4324
4328
4329
4334
4335
4337
4339
4343
4345
4349
4352
4356
4358
4369
4372
4376
4378
4381
4382
4385
4386
4390
4392
4394
4398
4399
4402
4405
4410
4421
4428
4431
4433
4436
4441
4442
4446
4448
4452
4455
4458
4461
4463
4466
4468
4471
4473
4476
4480
4483
4492
4495
4499
4502
4505
4509
4510
4516
4520
4525
4528
4530
4533
4535
4539
4540
4543
4545
4547
4549
4551
4553
4555
4557
4559
4566
4567
4570
4571
4574
4575
4578
4581
4584
4586
4590
4591
4596
4598
4600
4605
4614
4616
4618
4624
4626
4628
4632
4636
4638
4640
4650
4652
4657
4659
4661
4663
4666
4668
4676
4678
4685
4689
4692
4695
4700
4703
4707
4711
4714
4716
4718
4720
4723
4725
4727
4729
4732
4737
4740
4742
4747
4750
4757
4764
4766
4774
4776
4779
4780
4783
4785
4788
4791
4794
4797
4799
4801
4804
4805
4808
4809
4812
4814
4819
4822
4830
4833
4834
4836
4839
4840
4842
4845
4847
4850
4853
4861
4863
4868
4870
4885
4886
4890
4894
4895
4898
4900
4902
4905
4906
4915
4918
4921
4928
4930
4932
4934
4938
4940
4943
4946
4950
4952
4957
4959
4964
4968
4972
4975
4977
4979
4984
4986
4988
4992
4996
4998
5000
5006
5007
5010
5012
5016
5017
5026
5029
5039
5044
5047
5049
5052
5053
5059
5061
5064
5066
5073
5075
5084
5086
5090
5096
5099
5100
5103
5105
5109
5111
5113
5115
5117
5120
5123
5130
5133
5134
5138
5140
5146
5147
5150
5153
5156
5158
5161
5164
5166
5168
5175
5178
5181
5185
5188
5190
5194
5199
5203
5206
5215
5219
5220
5223
5226
5229
5232
5234
5236
5238
5240
5245
5246
5248
5250
5253
5254
5257
5259
5261
5264
5265
5271
5274
5276
5279
5281
5285
5287
5290
5292
5297
5300
5302
5304
5308
5310
5313
5319
5322
5324
5329
5331
5333
5335
5337
5339
5341
5349
5350
5353
5355
5368
5371
5374
5376
5379
5386
5389
5391
5393
5396
5398
5404
5406
5408
5410
5421
5423
5431
5435
5436
5438
5440
5444
5446
5453
5457
5459
5462
5467
5470
5472
5475
5478
5479
5482
5485
5491
5492
5494
5496
5503
5506
5515
5517
5522
5533
5537
5538
5541
5544
5547
5550
5551
5553
5555
5560
5565
5570
5575
5578
5580
5584
5585
5587
5589
5591
5599
5600
5604
5605
5611
5616
5624
5626
5631
5636
5640
5646
5649
5650
5652
5655
5662
5663
5667
5668
5676
5678
5681
5683
5687
5688
5691
5694
5695
5698
5700
5703
5705
5709
5712
5718
5720
5724
5726
5729
5732
5734
5736
5740
5741
5745
5747
5750
5755
5756
5758
5761
5767
5769
5772
5775
5779
5783
5788
5792
5795
5796
5799
5802
5806
5808
5810
5815
5821
5826
5829
5835
5840
5842
5844
5848
5849
5853
5856
5861
5863
5866
5878
5883
5889
5892
5893
5899
5902
5905
5906
5910
5912
5916
5918
5923
5934
5941
5942
5945
5946
5951
5954
5957
5958
5962
5965
5969
5972
5975
5976
5979
5985
5991
5993
5996
6000
6005
6009
6011
6017
6019
6021
6024
6026
6029
6031
6033
6035
6037
6040
6042
6046
6053
6059
6061
6065
6067
6075
6076
6081
6083
6088
6092
6095
6096
6099
6106
6113
6118
6120
6124
6126
6130
6133
6135
6138
6140
6142
6147
6151
6155
6165
6169
6182
6183
6187
6190
6195
6198
6203
6205
6207
6210
6211
6214
6216
6219
6221
6225
6227
6232
6235
6237
6240
6244
6245
6248
6250
6254
6256
6258
6262
6263
6269
6270
6273
6277
6280
6282
6288
6291
6292
6297
6299
6305
6307
6311
6312
6315
6318
6325
6326
6331
6334
6337
6340
6342
6344
6347
6350
6352
6355
6357
6364
6368
6371
6373
6378
6383
6390
6393
6400
6406
6409
6410
6412
6414
6417
6418
6424
6425
6428
6435
6440
6443
6446
6450
6451
6454
6458
6471
6474
6476
6478
6481
6482
6484
6488
6496
6500
6502
6504
6506
6508
6510
6515
6517
6519
6522
6525
6527
6534
6536
6542
6546
6551
6556
6561
6564
6568
6569
6573
6578
6580
6588
6590
6596
6598
6603
6604
6608
6611
6613
6615
6623
6624
6627
6631
6632
6637
6640
6641
6644
6647
6649
6655
6659
6660
6674
6676
6678
6683
6685
6688
6692
6693
6695
6698
6702
6703
6705
6709
6711
6717
6718
6723
6726
6729
6733
6736
6738
6745
6747
6750
6751
6756
6760
6764
6765
6769
6773
6777
6781
6786
6793
6794
6798
6800
6803
6815
6817
6820
6821
6830
6832
6834
6836
6838
6842
6845
6849
6851
6853
6858
6860
6864
6877
6880
6881
6888
6892
6894
6896
6898
6900
6905
6906
6909
6912
6916
6918
6923
6924
6927
6931
6932
6934
6938
6943
6946
6948
6953
6955
6959
6967
6971
6973
6977
6982
6984
6986
6997
6998
7001
7003
7007
7011
7014
7017
7021
7023
7031
7033
7038
7040
7043
7045
7047
7049
7052
7057
7061
7064
7068
7069
7074
7076
7083
7085
7090
7091
7096
7098
7102
7104
7110
7112
7115
7119
7121
7128
7131
7134
7136
7138
7142
7146
7147
7157
7159
7161
7164
7169
7174
7175
7180
7183
7187
7189
7198
7200
7205
7206
7209
7212
7217
7220
7224
7226
7228
7230
7233
7235
7237
7240
7244
7249
7251
7254
7256
7261
7266
7268
7270
7273
7274
7278
7280
7282
7286
7291
7294
7298
7304
7307
7309
7317
7319
7322
7324
7326
7329
7330
7332
7334
7337
7339
7343
7347
7350
7353
7355
7357
7359
7361
7364
7372
7377
7382
7389
7391
7394
7399
7402
7404
7416
7418
7420
7422
7428
7431
7433
7435
7437
7439
7441
7447
7449
7452
7454
7458
7463
7465
7468
7471
7476
7479
7481
7483
7485
7492
7498
7500
7503
7512
7515
7516
7518
7522
7523
7531
7532
7534
7536
7540
7542
7544
7553
7555
7559
7561
7565
7567
7570
7571
7574
7576
7580
7582
7586
7588
7591
7593
7598
7600
7605
7609
7613
7616
7617
7619
7621
7624
7628
7634
7637
7639
7641
7643
7645
7648
7652
7653
7656
7657
7661
7663
7666
7677
7680
7681
7684
7686
7688
7691
7694
7697
7701
7705
7717
7722
7728
7732
7733
7735
7737
7739
7750
7752
7754
7757
7760
7767
7768
7771
7772
7774
7777
7782
7787
7788
7791
7795
7797
7800
7802
7813
7814
7817
7819
7822
7825
7827
7833
7834
7839
7843
7850
7854
7856
7858
7860
7867
7871
7876
7878
7880
7882
7884
7886
7889
7890
7894
7896
7898
7907
7909
7911
7914
7920
7924
7928
7931
7935
7937
7941
7944
7946
7948
7961
7968
7972
7974
7977
7979
7982
7986
7992
7995
8001
8004
8006
8009
8011
8014
8015
8020
8022
8025
8027
8031
8035
8040
8052
8055
8057
8060
8074
8076
8078
8081
8083
8091
8093
8098
8101
8103
8106
8108
8110
8115
8123
8129
8131
8137
8139
8141
8145
8147
8154
8157
8159
8165
8167
8171
8175
8183
8186
8188
8192
8194
8199
8202
8204
8206
8209
8213
8215
8225
8228
8229
8235
8238
8242
8243
8247
8250
8253
8257
8259
8262
8267
8275
8279
8280
8286
8288
8290
8295
8296
8299
8301
8303
8306
8309
8312
8315
8316
8322
8324
8327
8328
8334
8337
8348
8349
8353
8357
8360
8363
8366
8369
8371
8376
8380
8383
8385
8393
8398
8404
8408
8410
8415
8416
8420
8421
8424
8425
8428
8432
8433
8436
8440
8446
8448
8453
8464
8468
8469
8471
8474
8478
8483
8486
8488
8495
8499
8502
8503
8508
8511
8515
8516
8523
8525
8527
8529
8534
8538
8540
8542
8545
8548
8552
8565
8571
8573
8576
8581
8589
8590
8593
8595
8598
8600
8609
8610
8614
8618
8621
8623
8627
8628
8636
8637
8643
8645
8647
8649
8651
8653
8655
8657
8659
8662
8671
8675
8677
8684
8690
8697
8703
8707
8709
8711
8713
8715
8718
8721
8725
8727
8740
8743
8745
8747
8751
8754
8755
8759
8761
8764
8766
8769
8770
8772
8775
8778
8779
8783
8784
8787
8791
8796
8797
8801
8802
8804
8807
8809
8814
8815
8823
8825
8827
8830
8834
8836
8839
8840
8846
8849
8855
8857
8863
8866
8870
8874
8879
8880
8884
8887
8888
8892
8895
8898
8900
8903
8906
8910
8912
8914
8918
8922
8923
8926
8930
8933
8934
8937
8939
8942
8943
8945
8947
8950
8953
8960
8962
8964
8966
8968
8971
8974
8976
8979
8985
8988
8993
8996
8999
9001
9006
9007
9011
9015
9018
9022
9024
9030
9031
9036
9037
9042
9043
9046
9048
9054
9060
9061
9064
9066
9069
9071
9074
9076
9081
9083
9088
9091
9094
9096
9099
9101
9103
9107
9108
9110
9112
9115
9117
9120
9123
9125
9132
9134
9136
9138
9142
9144
9148
9155
9158
9162
9166
9168
9171
9173
9176
9178
9181
9188
9190
9192
9196
9198
9202
9204
9207
9211
9214
9216
9218
9222
9223
9230
9232
9237
9238
9241
9243
9248
9250
9254
9256
9259
9261
9266
9270
9278
9279
9282
9285
9286
9289
9290
9295
9298
9299
9307
9310
9312
9314
9317
9318
9323
9325
9328
9330
9332
9334
9336
9338
9343
9344
9347
9349
9352
9354
9356
9358
9362
9364
9367
9368
9371
9376
9377
9379
9382
9386
9392
9395
9400
9405
9407
9410
9412
9415
9418
9422
9423
9426
9428
9431
9433
9435
9439
9441
9443
9447
9452
9455
9463
9466
9470
9471
9476
9480
9486
9487
9492
9494
9496
9503
9505
9510
9514
9516
9518
9522
9524
9528
9531
9537
9538
9542
9546
9547
9550
9552
9558
9559
9563
9564
9567
9570
9573
9577
9581
9584
9586
9588
9592
9593
9600
9604
9607
9609
9612
9616
9620
9622
9627
9629
9633
9636
9641
9642
9648
9650
9652
9655
9659
9661
9664
9668
9671
9673
9675
9678
9680
9685
9686
9693
9694
9698
9701
9705
9707
9709
9715
9719
9720
9722
9724
9727
9729
9731
9733
9742
9745
9747
9751
9752
9755
9756
9758
9760
9765
9767
9770
9772
9775
9776
9782
9788
9794
9798
9803
9805
9807
9810
9812
9817
9822
9827
9829
9833
9834
9839
9841
9843
9845
9850
9852
9854
9856
9859
9860
9869
9871
9874
9885
9886
9889
9892
9896
9899
9905
9911
9915
9917
9926
9927
9932
9935
9942
9943
9950
9951
9955
9957
9963
9967
9973
9976
9978
9981
9989
9991
9993
9995
9999
10000
10005
10007
10010
10012
10018
10019
10022
10024
10030
10033
10035
10037
10040
10041
10044
10045
10050
10051
10054
10055
10058
10063
10065
10068
10071
10074
10083
10089
10090
10093
10098
10105
10106
10111
10114
10122
10123
10125
10128
10130
10132
10135
10138
10142
10145
10146
10149
10153
10154
10165
10167
10171
10173
10175
10178
10180
10187
10191
10195
10198
10201
10203
10206
10208
10210
10214
10216
10218
10220
10223
10224
10227
10230
10234
10236
10240
10242
10246
10247
10249
10252
10255
10258
10260
10262
10264
10270
10273
10278
10279
10284
10286
10293
10295
10297
10299
10302
10304
10308
10310
10312
10317
10321
10322
10325
10326
10331
10335
10338
10345
10348
10351
10354
10356
10358
10365
10366
10370
10372
10376
10379
10386
10387
10390
10393
10396
10399
10400
10406
10409
10414
10417
10421
10425
10427
10429
10432
10433
10437
10438
10444
10445
10450
10452
10455
10458
10459
10462
10465
10468
10471
10474
10478
10482
10485
10487
10491
10495
10499
10501
10504
10506
10509
10510
10516
10517
10525
10526
10528
10530
10535
10537
10539
10541
10549
10551
10553
10555
10557
10563
10564
10570
10572
10585
10590
10599
10601
10604
10605
10609
10612
10615
10617
10619
10624
10625
10631
10633
10636
10639
10643
10645
10648
10650
10653
10658
10661
10664
10668
10670
10675
10680
10682
10685
10690
10696
10699
10701
10707
10708
10711
10716
10719
10720
10726
10728
10730
10732
10735
10737
10739
10741
10744
10745
10748
10749
10753
10755
10757
10759
10761
10766
10767
10773
10775
10779
10781
10785
10792
10794
10796
10801
10802
10810
10816
10832
10833
10836
10838
10842
10844
10849
10851
10856
10857
10859
10861
10868
10871
10875
10877
10888
10890
10894
10898
10900
10904
10906
10908
10911
10913
10916
10918
10927
10929
10931
10934
10936
10939
10941
10943
10945
10947
10951
10952
10956
10957
10965
10967
10970
10971
10974
10975
10979
10980
10985
10987
10989
10992
10993
10996
10997
11000
11001
11004
11006
11010
11012
11015
11016
11018
11021
11024
11026
11030
11034
11043
11044
11051
11055
11059
11060
11065
11066
11071
11074
11086
11088
11093
11095
11099
11101
11103
11107
11111
11113
11115
11122
11125
11128
11134
11137
11147
11148
11151
11152
11154
11157
11163
11166
11169
11172
11174
11176
11179
11181
11184
11187
11189
11192
11195
11198
11199
11204
11206
11212
11214
11216
11218
11220
11223
11224
11227
11228
11231
11236
11239
11241
11244
11246
11250
11253
11257
11260
11270
11272
11274
11276
11279
11282
11289
11294
11297
11300
11303
11306
11309
11310
11313
11314
11316
11319
11323
11327
11328
11331
11333
11338
11342
11352
11358
11359
11362
11364
11366
11368
11373
11376
11381
11383
11386
11389
11391
11393
11397
11401
11404
11409
11416
11421
11424
11429
11431
11434
11437
11440
11446
11447
11452
11456
11459
11466
11469
11472
11473
Closing down connection...
