6
7
11
14
16
17
20
21
26
28
30
35
37
43
47
49
51
53
54
56
58
60
62
64
66
71
73
77
78
85
89
91
94
95
99
100
104
105
110
112
114
119
121
122
124
127
131
137
142
144
145
147
149
154
155
161
165
168
170
177
180
182
186
188
191
192
196
198
200
206
209
212
220
221
223
225
228
229
233
235
237
238
244
246
249
251
253
255
259
263
267
272
274
275
278
280
281
290
291
295
296
298
299
302
303
306
310
312
314
315
319
321
323
324
329
330
333
335
339
340
343
345
346
352
355
357
361
362
366
369
377
379
381
387
388
390
391
394
396
399
402
404
407
408
410
412
413
416
420
422
427
429
433
438
442
446
449
450
454
457
463
466
472
473
479
482
485
486
490
493
494
497
499
500
504
506
508
510
512
515
520
522
523
527
528
531
532
534
535
537
539
540
547
548
550
552
555
556
559
562
565
567
568
574
575
577
579
581
582
590
592
593
596
599
605
607
609
611
614
616
620
621
623
625
630
631
634
636
641
642
644
650
652
657
661
662
665
670
677
678
689
690
695
698
700
702
703
706
707
711
714
718
721
724
726
727
733
734
737
738
740
743
748
760
764
765
770
771
773
775
776
780
782
787
788
791
794
795
797
799
800
802
803
806
807
809
812
815
816
819
822
825
827
829
831
832
834
835
839
845
848
849
852
854
857
860
865
868
870
871
874
876
878
882
886
888
892
893
899
900
903
904
907
909
912
913
915
916
919
924
926
929
930
933
935
939
941
947
949
951
964
966
970
980
981
983
986
991
993
994
996
997
1002
1005
1006
1009
1012
1015
1016
1018
1019
1024
1025
1035
1038
1043
1045
1047
1049
1050
1052
1053
1057
1058
1062
1064
1066
1069
1070
1073
1074
1077
1079
1081
1082
1084
1086
1088
1091
1094
1098
1099
1101
1103
1105
1107
1108
1111
1116
1118
1120
1123
1125
1127
1129
1131
1132
1137
1138
1143
1144
1147
1149
1153
1154
1158
1161
1166
1171
1172
1175
1176
1178
1181
1186
1188
1190
1193
1195
1199
1202
1203
1214
1215
1219
1220
1223
1224
1226
1227
1229
1230
1232
1234
1238
1239
1248
1251
1256
1258
1259
1275
1276
1281
1283
1285
1288
1290
1294
1297
1300
1303
1304
1309
1311
1316
1321
1323
1327
1328
1330
1332
1336
1337
1340
1342
1343
1346
1348
1350
1355
1358
1361
1362
1366
1367
1369
1370
1374
1375
1378
1379
1384
1390
1391
1394
1395
1398
1402
1406
1408
1411
1412
1416
1419
1423
1425
1430
1433
1439
1440
1442
1443
1446
1448
1453
1454
1460
1465
1469
1470
1472
1473
1475
1480
1491
1492
1496
1501
1507
1508
1512
1513
1515
1516
1518
1519
1521
1523
1526
1528
1530
1532
1534
1540
1542
1543
1545
1547
1549
1550
1553
1558
1560
1561
1564
1566
1567
1569
1575
1580
1583
1587
1588
1593
1595
1601
1604
1611
1612
1618
1620
1623
1625
1628
1630
1631
1639
1641
1643
1644
1646
1647
1650
1653
1656
1657
1662
1664
1669
1678
1683
1684
1687
1688
1692
1696
1700
1704
1705
1709
1710
1712
1715
1721
1727
1728
1736
1742
1747
1748
1751
1756
1763
1765
1766
1768
1771
1772
1774
1776
1780
1782
1783
1787
1790
1793
1795
1798
1800
1806
1807
1810
1813
1816
1819
1822
1823
1826
1827
1834
1835
1837
1839
1844
1845
1847
1848
1851
1858
1860
1861
1868
1869
1871
1876
1880
1883
1886
1890
1894
1897
1899
1901
1905
1909
1910
1912
1914
1918
1919
1922
1925
1927
1930
1931
1936
1937
1940
1943
1946
1947
1950
1952
1954
1955
1958
1960
1962
1965
1966
1970
1971
1974
1977
1980
1982
1983
1988
1990
1991
1993
1994
1997
1998
2003
2005
2008
2010
2011
2015
2017
2019
2025
2027
2028
2031
2032
2034
2036
2039
2048
2050
2052
2055
2060
2064
2068
2072
2075
2076
2081
2082
2086
2087
2094
2100
2103
2106
2109
2111
2113
2114
2117
2119
2120
2122
2123
2127
2129
2130
2132
2133
2135
2137
2148
2153
2159
2167
2169
2171
2173
2175
2176
2180
2183
2188
2192
2194
2198
2201
2204
2207
2210
2211
2213
2218
2221
2224
2228
2234
2238
2242
2244
2245
2247
2248
2250
2251
2256
2258
2261
2262
2266
2271
2276
2277
2289
2294
2298
2300
2302
2303
2310
2311
2315
2317
2320
2325
2329
2335
2338
2342
2343
2346
2348
2350
2351
2354
2355
2357
2358
2360
2361
2376
2377
2383
2384
2386
2388
2394
2398
2403
2404
2411
2414
2415
2418
2421
2423
2425
2427
2433
2435
2437
2445
2450
2453
2455
2457
2458
2464
2465
2471
2472
2474
2475
2479
2482
2484
2488
2491
2493
2494
2496
2500
2507
2509
2510
2512
2513
2516
2518
2524
2526
2529
2534
2537
2539
2542
2545
2550
2555
2557
2559
2560
2562
2563
2565
2566
2568
2570
2574
2578
2580
2586
2590
2593
2597
2601
2604
2605
2611
2613
2617
2619
2621
2622
2624
2625
2629
2630
2634
2636
2637
2641
2643
2649
2650
2652
2654
2655
2657
2660
2662
2665
2667
2669
2670
2675
2677
2683
2684
2688
2691
2692
2696
2698
2701
2705
2709
2713
2715
2718
2724
2726
2728
2734
2736
2742
2748
2749
2752
2754
2758
2759
2765
2767
2769
2771
2777
2778
2782
2783
2786
2788
2791
2792
2794
2795
2798
2799
2802
2805
2807
2808
2813
2815
2816
2818
2820
2825
2827
2830
2831
2836
2837
2840
2843
2845
2850
2854
2858
2860
2863
2865
2867
2868
2871
2872
2875
2878
2882
2885
2888
2890
2892
2899
2902
2906
2909
2911
2915
2920
2922
2924
2926
2928
2930
2936
2941
2947
2949
2951
2952
2956
2958
2964
2965
2967
2968
2971
2974
2975
2980
2981
2983
2986
2989
2991
2992
2994
2996
2998
3000
3001
3005
3006
3008
3013
3016
3018
3020
3024
3025
3028
3029
3031
3032
3042
3044
3045
3048
3050
3053
3055
3059
3060
3063
3064
3067
3068
3072
3074
3077
3079
3080
3083
3084
3087
3088
3091
3093
3096
3097
3105
3107
3110
3117
3118
3120
3121
3125
3130
3131
3134
3137
3138
3142
3154
3157
3158
3160
3162
3164
3167
3172
3173
3175
3176
3183
3185
3187
3188
3192
3194
3196
3201
3202
3206
3209
3210
3212
3213
3218
3219
3221
3225
3229
3231
3235
3236
3240
3241
3245
3246
3248
3249
3255
3258
3260
3262
3265
3269
3271
3274
3275
3279
3280
3283
3285
3287
3289
3291
3292
3294
3296
3298
3299
3305
3308
3309
3311
3314
3319
3326
3329
3331
3333
3335
3341
3345
3348
3350
3352
3353
3357
3358
3360
3361
3364
3365
3368
3372
3375
3376
3382
3383
3386
3388
3393
3395
3402
3404
3407
3413
3418
3420
3423
3424
3428
3431
3432
3439
3440
3442
3443
3445
3448
3452
3453
3455
3456
3462
3463
3466
3469
3470
3473
3475
3477
3478
3481
3483
3493
3495
3496
3499
3501
3503
3505
3506
3509
3511
3513
3514
3516
3518
3522
3523
3525
3527
3529
3533
3537
3544
3547
3552
3553
3556
3557
3559
3560
3565
3567
3570
3575
3578
3582
3590
3591
3596
3598
3605
3608
3609
3611
3613
3619
3620
3624
3625
3628
3631
3633
3634
3636
3637
3642
3644
3649
3652
3654
3656
3657
3664
3668
3673
3675
3676
3679
3683
3689
3690
3698
3699
3702
3703
3706
3708
3709
3713
3715
3716
3718
3720
3722
3724
3725
3728
3729
3733
3734
3736
3737
3741
3742
3744
3748
3753
3754
3756
3757
3761
3764
3768
3771
3772
3774
3775
3780
3782
3784
3786
3790
3791
3794
3795
3797
3799
3802
3805
3807
3809
3810
3813
3814
3817
3819
3821
3824
3825
3829
3830
3834
3835
3838
3840
3843
3848
3850
3852
3853
3858
3859
3862
3864
3872
3875
3876
3878
3879
3881
3883
3888
3890
3892
3895
3901
3903
3905
3911
3917
3919
3920
3925
3926
3928
3930
3931
3935
3937
3939
3941
3943
3944
3949
3951
3957
3962
3964
3967
3970
3973
3976
3980
3982
3983
3987
3992
3994
3995
3998
3999
4007
4009
4019
4021
4025
4027
4029
4033
4034
4039
4040
4043
4046
4049
4052
4055
4057
4058
4061
4062
4064
4067
4069
4070
4072
4074
4080
4083
4086
4089
4091
4096
4099
4100
4104
4105
4112
4114
4116
4117
4120
4121
4124
4128
4132
4133
4135
4140
4145
4151
4153
4155
4156
4158
4159
4162
4163
4168
4169
4172
4175
4177
4179
4180
4188
4189
4192
4193
4198
4199
4204
4206
4208
4212
4216
4221
4224
4226
4228
4231
4233
4237
4238
4240
4242
4247
4250
4252
4254
4257
4259
4269
4270
4273
4275
4280
4286
4288
4292
4298
4303
4318
4322
4323
4325
4327
4328
4335
4336
4340
4341
4344
4347
4350
4353
4359
4360
4363
4364
4366
4368
4369
4373
4374
4379
4380
4383
4388
4390
4393
4395
4400
4403
4404
4408
4409
4412
4417
4419
4420
4423
4424
4426
4429
4437
4438
4440
4441
4445
4446
4451
4457
4460
4462
4465
4470
4473
4474
4476
4479
4480
4482
4483
4487
4491
4493
4495
4502
4503
4514
4516
4525
4527
4530
4532
4537
4542
4544
4545
4547
4549
4552
4554
4555
4557
4567
4569
4570
4576
4579
4581
4582
4585
4587
4591
4595
4597
4599
4601
4603
4606
4610
4616
4617
4619
4620
4622
4623
4631
4633
4639
4640
4643
4644
4650
4655
4660
4662
4666
4668
4670
4673
4676
4681
4682
4684
4686
4687
4689
4693
4695
4696
4698
4700
4702
4705
4707
4708
4713
4717
4719
4720
4724
4726
4728
4731
4734
4737
4749
4751
4754
4756
4761
4764
4771
4772
4776
4778
4785
4786
4791
4794
4796
4801
4802
4807
4808
4812
4814
4816
4818
4819
4821
4824
4832
4834
4839
4840
4843
4844
4847
4850
4851
4853
4857
4863
4866
4867
4869
4873
4875
4876
4878
4880
4881
4883
4885
4887
4888
4890
4892
4894
4897
4901
4904
4906
4907
4909
4910
4912
4913
4917
4918
4922
4925
4930
4933
4936
4938
4939
4942
4943
4949
4951
4952
4954
4958
4964
4965
4971
4972
4974
4976
4977
4979
4981
4983
4986
4994
4996
5005
5006
5012
5018
5020
5022
5024
5025
5028
5030
5032
5035
5040
5044
5052
5055
5057
5061
5062
5064
5066
5068
5071
5073
5075
5078
5079
5082
5083
5087
5088
5090
5091
5096
5097
5099
5104
5109
5111
5113
5115
5118
5119
5122
5123
5125
5126
5128
5130
5132
5133
5135
5137
5139
5141
5144
5148
5152
5155
5157
5159
5162
5165
5166
5171
5173
5177
5179
5184
5186
5188
5189
5194
5196
5197
5200
5201
5205
5207
5209
5211
5216
5223
5224
5228
5229
5232
5235
5237
5238
5241
5242
5245
5247
5249
5252
5253
5259
5264
5266
5267
5271
5272
5275
5278
5279
5286
5287
5290
5292
5299
5302
5305
5307
5315
5316
5320
5323
5324
5327
5329
5331
5335
5337
5342
5346
5354
5356
5359
5361
5364
5365
5368
5372
5375
5377
5381
5384
5386
5388
5390
5391
5393
5394
5396
5397
5401
5403
5405
5406
5408
5413
5419
5424
5425
5431
5433
5435
5438
5439
5445
5446
5453
5456
5463
5465
5468
5470
5472
5481
5484
5486
5488
5489
5492
5502
5505
5507
5511
5514
5518
5521
5526
5528
5530
5535
5537
5543
5544
5546
5547
5549
5550
5552
5555
5557
5558
5560
5561
5565
5567
5569
5571
5573
5580
5581
5585
5587
5589
5591
5593
5595
5597
5599
5603
5604
5607
5609
5612
5615
5616
5621
5622
5624
5626
5627
5629
5631
5636
5640
5641
5645
5647
5651
5653
5655
5656
5663
5666
5668
5671
5675
5677
5680
5681
5683
5684
5686
5687
5690
5695
5700
5702
5703
5705
5709
5713
5715
5724
5725
5727
5730
5733
5737
5740
5741
5743
5744
5747
5748
5751
5756
5761
5763
5767
5768
5777
5778
5782
5783
5785
5786
5790
5791
5795
5796
5801
5802
5805
5807
5809
5811
5812
5816
5817
5819
5823
5824
5826
5827
5829
5831
5833
5838
5839
5843
5845
5849
5850
5854
5855
5857
5859
5861
5864
5868
5870
5871
5880
5881
5884
5887
5890
5891
5893
5897
5903
5904
5909
5911
5913
5916
5918
5921
5924
5925
5929
5930
5936
5937
5939
5941
5945
5947
5948
5951
5952
5954
5956
5958
5961
5969
5971
5974
5979
5980
5985
5987
5990
5992
5996
6002
6006
6007
6009
6012
6015
6018
6020
6023
6025
6029
6034
6044
6046
6049
6051
6054
6057
6062
6064
6067
6069
6072
6075
6079
6081
6083
6084
6089
6090
6093
6094
6097
6099
6101
6104
6106
6109
6112
6126
6131
6132
6134
6137
6142
6148
6151
6152
6161
6163
6166
6168
6170
6172
6174
6178
6180
6189
6191
6197
6198
6200
6202
6206
6209
6211
6214
6215
6218
6219
6222
6223
6227
6228
6231
6235
6236
6238
6239
6244
6247
6248
6250
6252
6255
6258
6263
6264
6267
6268
6273
6278
6286
6288
6289
6293
6295
6300
6301
6303
6305
6306
6309
6311
6313
6318
6320
6322
6323
6325
6326
6328
6331
6334
6339
6345
6346
6349
6352
6354
6355
6357
6358
6360
6366
6369
6375
6376
6379
6382
6386
6387
6392
6393
6401
6402
6405
6406
6410
6413
6418
6420
6422
6425
6428
6432
6433
6436
6440
6441
6445
6447
6450
6453
6455
6460
6467
6469
6472
6473
6477
6480
6483
6489
6493
6494
6497
6500
6502
6504
6505
6507
6509
6510
6516
6517
6523
6525
6528
6529
6531
6535
6537
6539
6544
6546
6549
6550
6554
6555
6558
6565
6567
6570
6572
6575
6578
6586
6587
6590
6591
6593
6595
6601
6604
6607
6608
6610
6613
6615
6618
6619
6621
6623
6625
6626
6631
6632
6635
6636
6638
6640
6643
6646
6649
6652
6653
6655
6658
6661
6664
6668
6671
6672
6680
6682
6686
6688
6689
6692
6693
6698
6701
6705
6706
6715
6717
6720
6723
6724
6727
6731
6733
6740
6742
6743
6746
6752
6754
6757
6759
6769
6771
6772
6779
6784
6786
6789
6792
6794
6798
6803
6807
6811
6813
6815
6816
6818
6820
6821
6824
6825
6832
6834
6836
6842
6844
6847
6850
6852
6853
6855
6859
6862
6867
6869
6871
6873
6877
6879
6882
6884
6887
6888
6896
6897
6905
6907
6913
6916
6918
6923
6924
6929
6932
6933
6936
6937
6943
6944
6946
6948
6956
6957
6962
6963
6969
6970
6972
6973
6975
6979
6981
6982
6986
6993
6995
6997
6999
7000
7002
7004
7006
7016
7019
7023
7028
7032
7034
7036
7039
7040
7042
7043
7048
7051
7055
7057
7058
7060
7061
7063
7065
7068
7071
7072
7076
7081
7083
7084
7090
7092
7094
7096
7097
7101
7105
7108
7109
7111
7113
7115
7116
7119
7121
7127
7134
7139
7142
7143
7146
7149
7155
7157
7159
7160
7163
7165
7169
7170
7172
7174
7178
7179
7182
7184
7188
7195
7196
7199
7200
7202
7209
7211
7213
7214
7218
7224
7226
7227
7230
7233
7237
7239
7240
7244
7245
7249
7251
7254
7256
7259
7261
7262
7264
7265
7268
7270
7271
7275
7277
7281
7282
7290
7293
7298
7299
7301
7302
7304
7305
7308
7309
7311
7312
7315
7316
7321
7325
7326
7328
7331
7336
7339
7346
7350
7352
7354
7356
7357
7359
7360
7365
7370
7372
7373
7375
7377
7384
7386
7388
7393
7398
7401
7402
7406
7408
7409
7415
7418
7420
7424
7428
7431
7434
7435
7437
7444
7448
7449
7451
7457
7460
7461
7463
7467
7476
7478
7479
7484
7487
7488
7490
7493
7499
7501
7503
7505
7507
7508
7510
7511
7516
7523
7524
7526
7530
7532
7534
7535
7538
7539
7542
7544
7545
7547
7549
7551
7552
7554
7555
7557
7559
7563
7568
7571
7575
7577
7580
7587
7591
7593
7598
7602
7605
7610
7611
7613
7615
7617
7619
7622
7623
7625
7627
7632
7634
7636
7641
7642
7646
7647
7650
7654
7658
7662
7666
7668
7669
7674
7678
7680
7684
7686
7690
7692
7693
7696
7698
7701
7702
7704
7705
7708
7711
7714
7716
7718
7720
7721
7728
7730
7735
7739
7745
7747
7748
7751
7755
7761
7763
7765
7766
7768
7770
7779
7781
7783
7785
7796
7797
7800
7801
7808
7810
7814
7818
7822
7824
7827
7828
7832
7833
7837
7839
7841
7842
7844
7845
7848
7849
7851
7853
7857
7865
7867
7870
7872
7874
7877
7878
7882
7884
7886
7889
7891
7894
7896
7902
7906
7907
7909
7910
7914
7915
7920
7924
7929
7931
7936
7939
7942
7943
7948
7950
7951
7954
7956
7958
7959
7961
7962
7965
7966
7971
7972
7976
7977
7980
7982
7984
7989
7990
7992
7993
7998
8001
8005
8009
8010
8013
8016
8017
8021
8024
8026
8027
8030
8032
8036
8037
8041
8048
8052
8054
8057
8059
8060
8065
8067
8069
8072
8073
8080
8081
8083
8084
8087
8089
8092
8093
8096
8098
8101
8103
8105
8106
8109
8112
8113
8116
8118
8121
8124
8126
8127
8131
8132
8135
8136
8141
8142
8148
8151
8158
8160
8163
8164
8169
8171
8174
8176
8177
8185
8186
8193
8194
8198
8199
8205
8210
8212
8216
8219
8221
8222
8224
8227
8228
8230
8234
8238
8239
8243
8245
8246
8249
8250
8253
8256
8260
8262
8263
8268
8269
8273
8274
8276
8277
8283
8285
8288
8291
8295
8298
8300
8303
8305
8307
8309
8311
8313
8314
8316
8317
8322
8324
8327
8329
8332
8334
8338
8340
8345
8346
8352
8353
8359
8363
8372
8374
8376
8378
8380
8383
8388
8393
8395
8397
8398
8400
8402
8404
8411
8413
8421
8423
8424
8427
8428
8432
8437
8438
8441
8443
8445
8450
8451
8456
8457
8462
8463
8467
8469
8472
8473
8477
8479
8482
8483
8486
8489
8492
8495
8497
8502
8508
8515
8517
8518
8520
8522
8528
8529
8536
8537
8539
8541
8544
8546
8548
8549
8552
8553
8555
8557
8558
8569
8570
8574
8576
8578
8580
8581
8585
8586
8593
8597
8601
8603
8606
8607
8612
8619
8622
8623
8625
8627
8628
8630
8634
8635
8639
8640
8642
8645
8646
8648
8649
8656
8662
8666
8667
8673
8676
8677
8680
8681
8685
8688
8693
8694
8696
8697
8701
8702
8704
8708
8710
8711
8713
8716
8719
8721
8722
8724
8725
8730
8731
8736
8737
8740
8743
8746
8747
8749
8752
8755
8756
8758
8759
8767
8772
8779
8782
8785
8787
8789
8794
8795
8799
8801
8802
8808
8809
8817
8818
8820
8821
8827
8828
8835
8836
8838
8840
8843
8844
8847
8848
8853
8855
8857
8859
8862
8867
8869
8872
8873
8877
8879
8883
8885
8887
8892
8896
8898
8901
8903
8904
8907
8909
8912
8914
8916
8920
8923
8925
8928
8931
8932
8936
8937
8939
8940
8942
8944
8950
8956
8958
8962
8965
8967
8969
8973
8974
8976
8979
8980
8983
8986
8987
8995
8997
8999
9001
9004
9005
9007
9011
9015
9019
9020
9022
9024
9026
9030
9032
9035
9038
9040
9041
9048
9050
9051
9056
9060
9068
9069
9075
9077
9084
9087
9088
9090
9092
9095
9096
9098
9100
9101
9104
9106
9107
9111
9113
9114
9117
9119
9120
9127
9128
9130
9131
9141
9142
9145
9146
9153
9154
9157
9159
9160
9166
9167
9170
9172
9174
9177
9179
9181
9183
9185
9186
9188
9190
9192
9193
9198
9200
9202
9203
9206
9208
9210
9212
9215
9219
9220
9224
9225
9231
9235
9242
9243
9247
9249
9251
9252
9260
9262
9266
9269
9273
9275
9277
9280
9281
9284
9286
9289
9290
9294
9295
9299
9301
9303
9305
9306
9312
9314
9318
9321
9323
9325
9326
9329
9332
9333
9340
9341
9348
9351
9353
9358
9365
9366
9368
9372
9378
9379
9381
9382
9384
9387
9388
9391
9393
9396
9401
9404
9407
9408
9412
9413
9417
9421
9425
9427
9433
9442
9444
9458
9460
9462
9466
9467
9473
9478
9480
9482
9484
9486
9489
9491
9492
9495
9497
9500
9503
9505
9509
9510
9513
9516
9517
9523
9524
9526
9527
9531
9534
9536
9538
9540
9545
9547
9553
9554
9558
9559
9561
9565
9567
9568
9571
9572
9575
9577
9580
9583
9585
9586
9589
9590
9592
9593
9595
9597
9600
9602
9603
9605
9606
9608
9609
9612
9614
9623
9625
9626
9630
9634
9636
9641
9645
9647
9649
9651
9655
9657
9663
9664
9667
9669
9670
9672
9673
9677
9680
9686
9688
9689
9691
9692
9697
9699
9700
9706
9707
9711
9716
9729
9730
9734
9738
9740
9744
9746
9749
9750
9752
9753
9758
9760
9762
9763
9768
9769
9771
9775
9777
9778
9782
9783
9793
9794
9798
9799
9811
9812
9815
9816
9823
9825
9827
9829
9831
9832
9835
9845
9848
9850
9853
9856
9857
9863
9865
9867
9873
9876
9880
9881
9883
9884
9886
9889
9890
9897
9899
9903
9906
9914
9915
9921
9923
9926
9929
9931
9933
9935
9940
9942
9943
9946
9947
9951
9955
9961
9964
9966
9971
9973
9975
9978
9981
9984
9990
9992
9994
9998
9999
Closing down connection...
