java  MultithreadedServer
4
1
7
20
5
7
12
5
6
11
7
12
18
9
15
19
10
18
22
12
17
21
13
14
21
14
17
24
17
22
29
19
21
33
21
26
34
23
26
39
26
32
36
25
29
26
28
30
27
42
49
70
37
40
33
41
48
59
38
39
48
36
37
43
36
45
49
40
41
44
39
42
56
44
45
50
47
59
67
52
53
65
54
55
63
56
57
63
58
62
58
60
62
59
71
83
66
67
73
75
66
70
76
67
68
74
67
74
76
70
75
70
72
77
71
78
79
86
75
83
75
85
87
78
84
95
81
82
94
82
89
98
82
85
89
92
82
83
100
85
90
83
85
88
92
88
91
88
93
113
94
99
91
93
101
107
116
96
100
93
99
94
95
102
95
98
101
114
100
101
104
98
107
116
102
106
109
113
102
106
101
106
108
119
120
106
106
119
122
125
111
113
130
113
117
110
111
126
129
115
131
142
119
120
114
120
118
114
118
122
117
123
127
118
120
123
118
119
122
118
120
122
132
122
123
132
123
132
142
130
136
144
130
132
128
138
145
132
133
137
130
139
143
133
134
137
140
133
152
154
139
144
137
145
147
139
149
160
142
145
150
166
147
159
146
148
153
145
148
151
145
152
154
173
150
151
157
148
149
162
152
155
153
154
156
153
154
157
153
156
166
157
160
168
160
161
164
167
161
177
183
166
167
170
165
166
178
169
173
176
170
172
169
170
173
169
181
171
175
179
171
177
180
173
174
180
184
175
190
193
179
184
200
202
186
187
191
184
190
192
184
186
188
185
200
204
188
189
191
187
192
189
191
197
204
195
198
201
195
197
195
200
211
197
201
203
205
196
209
198
205
211
200
203
198
199
203
205
214
205
206
210
206
207
212
206
211
206
212
208
214
221
211
212
217
219
212
218
212
214
218
224
213
229
231
238
218
223
216
218
226
218
219
224
234
222
226
221
224
230
222
223
229
225
230
225
229
225
230
250
252
270
237
271
243
233
234
240
242
236
243
236
243
236
237
249
240
243
246
249
253
243
249
242
246
264
274
250
257
246
248
254
247
250
262
249
255
248
251
247
251
256
260
261
253
249
250
254
256
265
255
257
266
256
264
257
266
257
262
267
259
260
264
267
271
262
273
277
285
267
268
273
265
267
264
265
270
267
268
270
274
268
270
279
271
279
272
274
283
274
275
279
273
288
290
277
278
313
286
290
298
285
292
299
302
286
296
285
286
289
284
292
296
287
290
293
288
290
300
290
291
300
290
308
293
298
323
298
308
310
310
295
300
306
298
299
311
300
301
303
299
301
298
301
303
300
302
303
306
308
301
303
301
302
305
303
305
315
306
312
318
308
315
319
309
310
331
311
317
338
314
320
311
320
325
332
332
317
317
318
323
337
323
326
321
322
324
321
324
326
323
325
335
335
325
328
331
325
327
325
327
332
333
329
332
328
331
328
334
338
342
348
336
338
343
335
343
345
336
348
339
340
344
339
343
345
348
351
341
364
345
347
359
347
354
348
353
356
348
354
356
349
360
364
368
353
355
351
352
359
353
356
370
373
361
364
365
359
362
365
361
363
366
369
362
364
368
363
364
366
363
371
366
376
368
372
367
370
380
388
395
405
378
381
374
380
374
375
378
383
374
377
379
375
380
384
378
379
389
380
381
389
382
387
395
385
386
393
386
387
405
390
391
400
392
396
391
400
405
393
394
395
402
395
414
425
400
405
411
398
401
412
401
406
410
403
411
416
408
413
417
408
410
414
409
413
409
410
412
417
419
412
413
423
415
416
419
414
417
414
415
419
432
425
428
425
427
434
426
429
425
427
434
426
431
434
428
432
428
429
431
429
431
433
446
433
434
445
450
438
444
449
439
441
444
438
441
443
439
440
443
441
445
442
444
442
444
446
462
446
459
463
447
449
455
467
450
453
447
453
458
465
468
455
456
462
454
462
471
459
480
464
465
471
463
464
473
464
465
473
480
468
471
466
468
465
469
465
483
491
499
503
507
475
477
469
470
472
469
473
470
476
483
487
475
476
483
476
486
489
490
477
488
478
481
483
487
479
483
479
481
479
480
488
495
498
484
495
485
489
485
488
490
502
488
494
498
500
489
492
496
490
498
501
493
495
498
496
502
497
499
496
497
504
498
499
508
513
517
506
508
504
506
510
504
513
508
511
508
509
515
509
510
514
518
513
515
519
522
513
528
537
517
526
519
520
536
521
522
524
528
521
523
530
522
530
523
524
526
522
524
532
538
541
527
528
533
527
533
527
537
541
531
533
537
531
537
531
535
538
553
537
540
545
547
535
536
548
537
538
535
537
539
537
538
557
541
543
554
544
545
547
544
545
554
559
549
550
553
549
550
553
550
551
553
550
551
553
550
551
559
553
559
555
556
559
571
574
572
560
561
560
564
559
562
570
561
564
568
562
563
567
570
564
566
569
573
568
569
580
584
570
573
568
577
582
573
580
583
573
575
577
572
575
579
583
574
579
575
586
589
597
582
585
579
585
590
584
585
590
585
586
589
591
587
588
590
588
593
589
590
592
590
592
590
591
593
591
597
599
593
595
597
594
595
603
607
597
599
604
611
599
600
603
598
599
614
602
608
602
603
608
603
605
607
609
604
605
620
607
610
605
606
612
606
607
617
608
610
607
608
611
615
626
613
617
612
614
612
613
615
612
621
615
624
630
618
620
623
626
631
620
621
641
624
625
621
622
631
638
625
633
626
627
640
650
653
634
637
631
638
631
634
637
640
632
634
631
654
659
660
637
648
650
637
644
648
641
645
640
643
646
640
645
643
646
649
645
648
663
673
677
653
667
677
682
656
657
661
653
658
654
658
663
656
663
659
671
663
666
662
663
666
662
670
670
663
664
688
698
672
678
668
670
672
667
668
671
668
669
672
669
682
672
675
681
673
677
672
673
677
679
673
678
681
689
693
681
683
685
680
681
684
680
682
684
680
686
682
683
689
691
686
689
686
687
690
699
690
695
689
693
699
702
691
708
695
700
693
694
698
693
694
701
696
701
707
721
704
705
709
703
710
703
705
707
713
720
705
708
716
708
711
707
710
726
711
716
709
710
716
717
720
715
716
718
715
719
716
723
718
723
736
722
724
729
722
723
729
733
723
725
737
741
727
737
728
729
736
728
729
733
738
729
737
731
736
752
736
756
778
783
747
779
746
748
740
745
754
757
765
746
753
756
746
747
755
749
759
749
756
749
751
755
750
754
757
766
755
763
755
756
761
773
759
762
764
758
778
783
764
770
772
762
765
761
763
767
774
780
766
767
771
765
768
771
766
767
769
766
768
766
770
773
767
768
775
782
770
775
771
778
776
782
778
781
778
794
801
785
789
793
796
785
791
795
784
791
784
788
793
789
798
806
792
793
798
800
792
798
792
794
798
792
799
809
797
799
795
797
798
796
796
798
801
797
799
806
808
800
802
799
806
808
802
804
810
803
804
806
805
803
804
803
802
809
813
819
822
813
814
817
812
814
817
813
821
827
817
819
815
823
817
828
836
820
821
830
824
830
824
831
824
827
823
831
835
837
826
827
843
846
829
830
835
828
829
837
828
834
853
835
839
841
833
837
847
834
841
849
838
839
836
837
846
837
840
853
858
861
847
853
858
847
849
845
846
853
846
850
855
864
850
852
861
862
853
854
851
852
853
858
862
854
857
853
854
860
871
859
863
865
859
861
868
876
863
866
861
865
867
862
868
862
866
864
868
872
878
895
874
882
891
878
879
884
877
886
878
881
877
881
888
893
880
890
883
879
880
887
881
884
890
882
886
883
887
891
884
888
892
886
887
896
899
890
893
900
906
897
904
897
898
906
911
915
901
929
906
907
909
914
904
911
904
905
903
905
908
904
906
909
913
906
910
926
912
913
916
913
917
913
914
916
919
914
915
914
918
920
917
923
933
945
925
928
923
931
935
950
928
932
925
930
924
930
935
937
927
932
940
929
936
940
931
932
939
954
937
955
937
939
942
946
954
943
945
951
943
948
969
949
954
956
948
955
949
958
966
970
960
964
958
965
959
960
965
959
969
974
962
972
963
967
971
974
964
965
968
969
964
973
977
969
970
973
978
970
983
975
976
983
978
982
986
979
981
978
983
984
990
981
988
998
1010
989
996
998
987
999
1002
989
991
986
1006
1013
995
998
1007
996
998
1002
998
1000
998
1000
1003
1006
1000
1001
1004
1009
1005
1019
1010
1013
1009
1012
1025
1024
1011
1012
1017
1021
1014
1015
1034
1019
1026
1017
1028
1018
1019
1023
1025
1017
1019
1023
1031
1021
1023
1020
1021
1024
1021
1022
1027
1031
1026
1033
1029
1031
1035
1037
1033
1043
1046
1036
1038
1050
1037
1038
1042
1036
1052
1063
1043
1044
1046
1040
1042
1045
1047
1046
1041
1040
1042
1041
1043
1046
1075
1050
1051
1055
1046
1067
1052
1053
1056
1050
1051
1071
1074
1058
1062
1055
1062
1064
1075
1060
1069
1060
1063
1059
1062
1076
1063
1077
1067
1071
1075
1066
1067
1079
1070
1074
1076
1069
1073
1068
1071
1070
1071
1073
1072
1077
1083
1076
1077
1088
1079
1082
1090
1083
1087
1095
1085
1090
1089
1085
1087
1091
1087
1088
1090
1087
1088
1090
1101
1103
1091
1093
1098
1091
1092
1101
1092
1095
1092
1099
1101
1098
1100
1103
1101
1107
1110
1108
1102
1109
1112
1104
1106
1108
1106
1107
1114
1108
1110
1115
1110
1111
1121
1115
1119
1115
1116
1119
1116
1117
1120
1117
1119
1116
1118
1116
1120
1133
1121
1123
1126
1120
1128
1133
1142
1144
1124
1129
1135
1125
1128
1141
1144
1128
1133
1126
1132
1148
1131
1132
1134
1129
1132
1136
1129
1133
1137
1145
1133
1137
1132
1134
1143
1148
1135
1139
1145
1137
1140
1138
1147
1142
1140
1144
1150
1142
1154
1143
1147
1151
1156
1163
1146
1147
1153
1146
1148
1161
1148
1151
1159
1150
1151
1166
1155
1168
1155
1161
1154
1157
1153
1155
1157
1170
1158
1162
1163
1171
1162
1163
1169
1161
1162
1163
1160
1164
1168
1162
1165
1167
1175
1165
1177
1180
1169
1172
1167
1171
1176
1170
1173
1175
1172
1184
1177
1178
1179
1186
1179
1183
1187
1197
1183
1195
1201
1187
1193
1196
1186
1193
1204
1188
1195
1199
1188
1191
1188
1191
1205
1208
1193
1195
1191
1192
1199
1192
1215
1219
1198
1203
1195
1198
1204
1206
1196
1199
1202
1214
1217
1202
1201
1203
1206
1201
1202
1221
1205
1206
1212
1206
1207
1205
1206
1208
1213
1216
1207
1207
1218
1222
1209
1222
1212
1216
1208
1210
1212
1214
1209
1209
1208
1220
1222
1212
1214
1210
1211
1215
1223
1227
1215
1219
1213
1217
1234
1220
1221
1224
1218
1219
1221
1219
1226
1232
1228
1221
1230
1222
1225
1230
1232
1223
1226
1229
1226
1232
1226
1228
1231
1228
1229
1231
1238
1231
1233
1240
1232
1236
1232
1238
1232
1234
1241
1235
1243
1249
1238
1245
1249
1256
1240
1242
1239
1246
1248
1254
1258
1242
1243
1239
1254
1257
1243
1246
1252
1245
1259
1246
1270
1273
1250
1251
1255
1249
1251
1272
1276
1256
1259
1262
1254
1255
1252
1259
1254
1256
1261
1256
1259
1261
1258
1260
1262
1266
1275
1263
1265
1276
1263
1265
1271
1264
1265
1267
1263
1266
1269
1264
1267
1271
1280
1271
1282
1271
1274
1278
1281
1272
1277
1271
1275
1271
1279
1281
1284
1299
1279
1281
1287
1276
1289
1282
1284
1290
1294
1284
1297
1288
1292
1294
1304
1292
1297
1290
1294
1296
1290
1296
1291
1292
1295
1297
1293
1294
1296
1300
1295
1314
1299
1303
1307
1298
1309
1312
1301
1306
1314
1302
1306
1311
1319
1305
1306
1320
1309
1310
1312
1313
1308
1309
1307
1309
1309
1310
1308
1314
1320
1330
1316
1318
1314
1320
1322
1317
1322
1331
1332
1321
1330
1321
1330
1326
1322
1324
1324
1335
1327
1338
1328
1338
1349
1332
1334
1339
1342
1333
1337
1339
1341
1333
1343
1335
1338
1340
1343
1336
1341
1343
1337
1338
1343
1337
1338
1343
1339
1345
1340
1341
1342
1350
1341
1355
1344
1345
1356
1370
1351
1352
1354
1349
1353
1356
1349
1358
1350
1353
1356
1350
1353
1356
1384
1359
1360
1363
1357
1363
1370
1361
1362
1366
1360
1371
1364
1366
1373
1365
1367
1372
1367
1368
1371
1368
1371
1374
1371
1373
1395
1375
1376
1378
1372
1374
1382
1376
1383
1394
1382
1383
1400
1383
1384
1392
1405
1386
1387
1401
1387
1390
1395
1387
1395
1388
1389
1394
1388
1390
1392
1388
1392
1396
1402
1403
1394
1394
1400
1394
1400
1404
1407
1410
1396
1407
1398
1402
1409
1401
1405
1407
1402
1403
1406
1402
1419
1430
1415
1416
1418
1415
1416
1420
1415
1421
1415
1419
1421
1428
1420
1423
1431
1425
1426
1428
1426
1427
1431
1428
1445
1431
1436
1442
1454
1434
1440
1450
1435
1451
1435
1437
1450
1450
1435
1439
1447
1437
1439
1445
1438
1446
1443
1439
1441
1444
1441
1444
1447
1444
1445
1445
1450
1445
1451
1453
1447
1450
1458
1451
1452
1456
1451
1455
1453
1457
1459
1465
1455
1456
1458
1455
1459
1456
1458
1460
1457
1461
1457
1460
1463
1460
1461
1467
1463
1467
1463
1473
1481
1474
1485
1469
1483
1469
1475
1487
1494
1474
1476
1470
1474
1484
1485
1474
1480
1498
1478
1479
1483
1475
1476
1484
1476
1486
1476
1479
1486
1495
1486
1487
1489
1485
1494
1498
1500
1488
1490
1486
1489
1494
1487
1489
1492
1487
1489
1491
1497
1491
1510
1497
1499
1509
1525
1501
1517
1519
1500
1505
1497
1504
1507
1500
1503
1505
1500
1512
1518
1503
1507
1514
1505
1506
1514
1517
1508
1509
1512
1507
1511
1508
1513
1508
1509
1520
1520
1513
1512
1523
1516
1517
1518
1522
1518
1521
1524
1521
1531
1522
1523
1534
1524
1526
1528
1523
1524
1528
1524
1531
1525
1528
1530
1534
1540
1530
1534
1530
1538
1530
1533
1533
1532
1559
1539
1543
1546
1536
1540
1535
1547
1550
1553
1538
1539
1542
1537
1539
1544
1540
1541
1550
1541
1547
1551
1544
1543
1549
1559
1565
1551
1552
1555
1549
1556
1550
1551
1553
1562
1564
1555
1564
1563
1564
1576
1582
1568
1571
1566
1570
1568
1569
1576
1569
1578
1572
1579
1601
1577
1581
1574
1576
1580
1575
1577
1583
1595
1580
1587
1578
1581
1582
1577
1580
1584
1578
1582
1583
1583
1592
1594
1605
1587
1590
1585
1589
1586
1590
1588
1587
1590
1588
1592
1590
1590
1593
1599
1593
1594
1591
1597
1599
1595
1596
1598
1598
1599
1601
1611
1602
1607
1603
1607
1603
1604
1607
1608
1605
1607
1623
1646
1619
1623
1625
1615
1616
1623
1615
1618
1615
1618
1615
1620
1628
1617
1618
1631
1634
1623
1625
1630
1651
1634
1636
1631
1637
1631
1632
1635
1632
1635
1639
1633
1640
1649
1653
1639
1643
1653
1640
1641
1637
1641
1647
1640
1641
1646
1641
1643
1649
1657
1648
1651
1653
1647
1655
1659
1661
1649
1651
1647
1653
1663
1667
1653
1667
1656
1657
1662
1655
1656
1665
1659
1663
1659
1661
1664
1659
1661
1664
1660
1661
1662
1665
1661
1667
1677
1679
1669
1679
1670
1673
1679
1684
1671
1673
1669
1674
1670
1671
1680
1672
1673
1676
1678
1673
1677
1680
1685
1676
1681
1675
1677
1681
1686
1681
1683
1685
1682
1686
1682
1683
1686
1682
1683
1696
1687
1689
1685
1687
1695
1688
1694
1701
1696
1691
1695
1696
1691
1694
1699
1694
1700
1694
1695
1699
1695
1696
1698
1700
1696
1699
1706
1699
1706
1699
1704
1699
1701
1703
1700
1705
1707
1715
1718
1704
1706
1709
1712
1706
1707
1711
1708
1713
1708
1709
1714
1709
1716
1717
1709
1712
1717
1722
1712
1720
1714
1716
1719
1727
1715
1722
1714
1724
1717
1725
1728
1719
1723
1725
1727
1720
1721
1727
1738
1725
1726
1742
1726
1733
1725
1734
1730
1737
1728
1729
1736
1731
1739
1731
1737
1739
1733
1736
1733
1736
1734
1742
1752
1765
1742
1743
1748
1758
1767
1746
1754
1745
1747
1755
1745
1751
1744
1745
1761
1750
1751
1755
1757
1769
1751
1755
1767
1756
1757
1754
1755
1761
1771
1759
1764
1765
1757
1760
1762
1757
1759
1763
1757
1769
1762
1769
1773
1763
1764
1767
1762
1770
1773
1765
1766
1769
1765
1767
1770
1766
1767
1770
1773
1771
1773
1786
1774
1793
1776
1782
1785
1775
1778
1773
1777
1779
1776
1777
1785
1794
1788
1790
1795
1788
1789
1794
1789
1792
1789
1790
1794
1800
1791
1806
1811
1798
1799
1802
1804
1798
1804
1798
1811
1816
1822
1803
1805
1800
1808
1810
1803
1804
1810
1814
1807
1808
1811
1808
1809
1812
1810
1811
1817
1813
1814
1817
1813
1820
1815
1822
1817
1822
1817
1828
1831
1820
1821
1824
1834
1838
1840
1825
1827
1824
1832
1826
1828
1825
1826
1833
1827
1828
1833
1840
1854
1834
1836
1839
1832
1833
1845
1834
1855
1874
1841
1877
1848
1837
1843
1856
1859
1840
1858
1840
1842
1847
1838
1839
1848
1853
1844
1845
1850
1851
1847
1847
1850
1853
1871
1852
1853
1858
1861
1850
1850
1852
1856
1849
1850
1854
1855
1852
1870
1856
1857
1853
1859
1855
1860
1860
1870
1872
1860
1866
1874
1888
1867
1868
1870
1863
1865
1871
1869
1873
1882
1874
1875
1885
1874
1885
1874
1882
1874
1875
1877
1875
1876
1878
1876
1877
1883
1878
1879
1884
1889
1895
1883
1888
1882
1884
1886
1885
1889
1895
1905
1891
1895
1889
1892
1902
1891
1894
1898
1892
1894
1897
1892
1905
1908
1898
1905
1922
1903
1909
1901
1903
1899
1911
1918
1924
1931
1907
1917
1926
1906
1907
1925
1906
1908
1914
1905
1913
1907
1910
1916
1920
1909
1910
1920
1922
1911
1920
1913
1920
1913
1916
1912
1917
1920
1917
1926
1915
1916
1924
1934
1919
1922
1917
1919
1924
1928
1925
1926
1930
1927
1933
1928
1931
1933
1929
1931
1928
1929
1933
1930
1942
1952
1956
1935
1937
1941
1932
1935
1933
1939
1946
1937
1940
1936
1940
1942
1945
1949
1940
1942
1951
1942
1947
1941
1949
1951
1957
1944
1946
1957
1945
1946
1951
1945
1951
1947
1948
1959
1962
1951
1953
1949
1950
1959
1953
1972
1976
1956
1959
1964
1970
1960
1971
1973
1963
1960
1960
1961
1963
1960
1961
1969
1980
1983
1967
1969
1964
1968
1965
1971
1983
1970
1971
1976
1970
1972
1976
1984
1994
1975
1983
1986
1973
1982
1975
1976
1981
1976
1977
1987
1992
1978
1980
1984
1977
1980
1986
1979
1984
1981
1982
1985
1982
1983
1981
1984
1987
1984
1985
1988
2010
2010
1991
1992
2005
1991
1993
2004
1992
1995
1990
1992
2000
2005
1996
1999
2000
1994
1998
1995
1998
1995
1997
1999
1996
1997
2005
2024
2002
2003
2004
1998
2003
2007
2004
2000
2003
2001
2003
2020
2008
2010
2012
2007
2013
2019
2021
2011
2013
2010
2013
2010
2011
2013
2019
2013
2020
2022
2016
2021
2031
2019
2021
2017
2019
2021
2026
2042
2024
2026
2021
2029
2022
2023
2029
2041
2027
2029
2034
2027
2028
2035
2044
2031
2032
2036
2032
2039
2055
2036
2037
2050
2036
2046
2052
2038
2041
2036
2037
2045
2039
2043
2039
2043
2056
2042
2043
2049
2065
2045
2059
2046
2050
2052
2045
2047
2049
2045
2054
2060
2067
2050
2053
2048
2049
2055
2057
2050
2051
2063
2067
2054
2061
2054
2057
2064
2068
2059
2064
2065
2058
2073
2063
2077
2064
2066
2075
2064
2068
2071
2083
2068
2070
2072
2065
2076
2069
2071
2073
2077
2073
2086
2089
2076
2077
2083
2094
2079
2080
2101
2083
2084
2090
2080
2082
2087
2081
2080
2085
2087
2103
2106
2086
2087
2089
2084
2085
2091
2084
2085
2089
2086
2090
2087
2088
2092
2089
2090
2096
2098
2092
2102
2105
2095
2096
2106
2099
2101
2098
2106
2099
2104
2111
2116
2102
2111
2114
2103
2106
2110
2102
2112
2118
2104
2113
2122
2106
2107
2118
2106
2108
2109
2107
2112
2110
2108
2109
2113
2108
2115
2112
2110
2113
2111
2118
2121
2124
2118
2122
2124
2118
2118
2121
2124
2127
2119
2120
2127
2135
2146
2126
2128
2123
2124
2131
2128
2156
2137
2138
2140
2153
2137
2142
2137
2145
2137
2138
2145
2153
2162
2144
2148
2153
2144
2146
2151
2150
2144
2153
2158
2146
2152
2147
2151
2154
2148
2168
2154
2161
2165
2153
2160
2173
2156
2159
2165
2167
2171
2159
2163
2159
2161
2165
2160
2161
2169
2162
2163
2175
2180
2168
2169
2172
2168
2174
2168
2172
2168
2171
2175
2169
2173
2170
2172
2176
2171
2180
2183
2185
2190
2175
2176
2198
2200
2180
2183
2177
2183
2180
2177
2178
2183
2185
2180
2181
2183
2179
2181
2184
2185
2180
2182
2182
2180
2190
2200
2186
2188
2191
2185
2190
2193
2203
2207
2191
2192
2195
2188
2196
2190
2191
2206
2195
2198
2194
2198
2196
2197
2200
2208
2199
2207
2200
2205
2213
2202
2203
2207
2210
2204
2205
2207
2211
2204
2215
2222
2208
2209
2212
2214
2207
2218
2223
2210
2211
2219
2209
2211
2213
2209
2216
2210
2213
2220
2211
2213
2221
2228
2215
2216
2224
2215
2216
2219
2215
2216
2223
2216
2228
2231
2218
2225
2230
2218
2221
2217
2218
2225
2221
2225
2229
2225
2226
2231
2226
2232
2231
2226
2232
2226
2227
2234
2228
2230
2241
2230
2232
2235
2250
2238
2240
2236
2237
2252
2244
2238
2247
2249
2242
2250
2242
2246
2248
2243
2250
2257
2247
2248
2254
2257
2247
2259
2269
2252
2257
2261
2264
2253
2258
2261
2252
2260
2256
2257
2258
2270
2261
2269
2262
2273
2263
2264
2261
2263
2266
2269
2273
2266
2273
2274
2268
2267
2266
2272
2284
2271
2284
2273
2277
2270
2271
2276
2278
2272
2283
2285
2277
2276
2284
2287
2277
2279
2281
2289
2292
2283
2290
2283
2293
2294
2284
2287
2293
2299
2287
2292
2302
2289
2297
2288
2289
2290
2294
2288
2297
2288
2290
2292
2317
2297
2299
2301
2294
2298
2302
2294
2295
2305
2300
2301
2303
2300
2308
2319
2303
2314
2303
2304
2312
2313
2303
2304
2302
2307
2311
2304
2305
2309
2305
2311
2306
2311
2315
2307
2308
2314
2308
2311
2319
2311
2320
2313
2318
2313
2322
2325
2323
2319
2317
2320
2323
2328
2334
2322
2323
2340
2323
2329
2322
2323
2327
2334
2326
2333
2338
2327
2328
2356
2333
2341
2330
2331
2338
2331
2332
2340
2333
2335
2353
2338
2339
2352
2354
2342
2343
2350
2341
2343
2347
2343
2346
2343
2352
2357
2346
2350
2352
2346
2360
2348
2353
2355
2348
2352
2354
2349
2352
2365
2352
2358
2351
2353
2356
2373
2382
2396
2364
2365
2367
2358
2359
2372
2361
2364
2359
2367
2373
2366
2368
2375
2367
2369
2374
2367
2371
2379
2368
2371
2385
2396
2376
2380
2375
2377
2381
2384
2377
2378
2385
2377
2378
2383
2377
2389
2380
2381
2383
2380
2381
2385
2381
2382
2392
2385
2388
2391
2399
2389
2400
2389
2399
2389
2390
2397
2406
2391
2395
2393
2408
2393
2394
2400
2392
2397
2392
2398
2404
2396
2410
2397
2398
2404
2397
2401
2396
2397
2399
2401
2403
2398
2400
2411
2426
2410
2411
2415
2408
2409
2412
2409
2411
2409
2411
2413
2414
2424
2412
2414
2418
2423
2415
2420
2415
2416
2418
2416
2422
2424
2425
2434
2422
2423
2426
2421
2424
2422
2423
2427
2424
2424
2426
2427
2425
2436
2427
2428
2431
2426
2427
2447
2431
2432
2434
2429
2432
2436
2432
2435
2431
2434
2431
2436
2438
2440
2433
2441
2443
2449
2467
2441
2445
2438
2445
2450
2462
2444
2448
2441
2445
2447
2441
2448
2444
2458
2461
2465
2448
2451
2454
2448
2456
2461
2452
2453
2455
2451
2455
2451
2456
2460
2453
2455
2462
2453
2454
2458
2461
2457
2464
2458
2459
2466
2476
2463
2464
2468
2461
2462
2464
2462
2466
2472
2477
2467
2480
2470
2484
2488
2473
2476
2478
2473
2479
2473
2474
2479
2473
2474
2477
2474
2476
2480
2490
2481
2483
2488
2483
2484
2486
2483
2488
2495
2503
2487
2494
2498
2490
2495
2489
2492
2498
2510
2494
2496
2501
2493
2494
2497
2494
2496
2493
2494
2497
2494
2500
2495
2500
2498
2500
2502
2506
2510
2515
2502
2504
2517
2507
2511
2512
2506
2506
2505
2513
2507
2508
2516
2520
2543
2519
2521
2527
2515
2520
2522
2523
2517
2515
2520
2532
2535
2536
2521
2521
2523
2518
2521
2526
2519
2521
2525
2521
2525
2527
2522
2524
2534
2537
2527
2528
2536
2543
2528
2534
2529
2530
2543
2532
2535
2530
2531
2533
2530
2533
2542
2567
2541
2543
2548
2553
2542
2551
2542
2543
2548
2551
2544
2551
2544
2549
2543
2544
2548
2545
2546
2545
2548
2561
2563
2571
2553
2563
2565
2552
2553
2559
2552
2553
2555
2557
2554
2555
2558
2556
2562
2565
2559
2561
2580
2565
2576
2565
2566
2572
2583
2567
2569
2564
2566
2564
2573
2577
2567
2568
2571
2590
2572
2588
2590
2580
2581
2586
2579
2582
2578
2585
2594
2582
2585
2589
2596
2583
2591
2583
2591
2583
2584
2588
2590
2612
2592
2597
2603
2591
2594
2589
2591
2593
2590
2593
2598
2594
2597
2600
2603
2596
2601
2596
2608
2629
2604
2609
2611
2601
2605
2607
2602
2615
2604
2606
2612
2617
2606
2610
2605
2607
2611
2613
2621
2609
2613
2608
2619
2622
2629
2613
2618
2623
2612
2619
2611
2612
2619
2622
2614
2620
2616
2631
2633
2617
2632
2617
2617
2620
2615
2617
2620
2624
2628
2643
2624
2626
2622
2629
2627
2623
2626
2629
2623
2626
2631
2632
2625
2625
2627
2636
2638
2646
2633
2638
2632
2633
2635
2631
2633
2637
2649
2641
2647
2642
2645
2655
2644
2645
2648
2644
2658
2646
2647
2650
2645
2647
2653
2658
2660
2649
2656
2649
2653
2655
2661
2651
2653
2657
2652
2658
2653
2653
2652
2653
2655
2668
2655
2661
2663
2655
2658
2662
2656
2660
2665
2660
2681
2681
2694
2668
2694
2668
2671
2664
2666
2683
2689
2669
2674
2677
2671
2672
2676
2672
2673
2676
2682
2676
2678
2675
2677
2679
2675
2676
2688
2678
2679
2681
2685
2680
2683
2693
2684
2685
2687
2684
2689
2687
2689
2687
2691
2700
2703
2692
2694
2701
2693
2696
2692
2694
2698
2693
2700
2703
2705
2696
2701
2695
2704
2697
2700
2705
2701
2702
2701
2698
2703
2706
2711
2716
2708
2712
2707
2711
2707
2708
2711
2715
2729
2739
2715
2717
2710
2721
2713
2715
2722
2735
2717
2726
2733
2717
2727
2732
2741
2725
2729
2735
2725
2726
2738
2725
2736
2726
2728
2725
2730
2725
2730
2732
2727
2728
2735
2738
2748
2731
2732
2734
2729
2730
2733
2729
2733
2739
2748
2737
2738
2741
2737
2740
2737
2751
2740
2742
2738
2739
2743
2744
2740
2739
2755
2762
2745
2747
2750
2755
2744
2746
2751
2746
2748
2750
2746
2750
2746
2750
2755
2748
2749
2750
2747
2755
2749
2754
2758
2762
2751
2753
2756
2752
2754
2758
2753
2754
2764
2756
2765
2763
2757
2759
2763
2758
2759
2763
2770
2759
2760
2764
2760
2763
2769
2766
2770
2780
2773
2774
2779
2773
2775
2772
2774
2796
2781
2798
2781
2784
2795
2782
2800
2783
2784
2786
2788
2791
2796
2784
2785
2788
2785
2790
2787
2792
2792
2799
2790
2793
2797
2802
2795
2798
2794
2794
2798
2801
2810
2798
2799
2801
2797
2798
2805
2808
2809
2818
2822
2805
2806
2810
2805
2811
2806
2811
2806
2807
2817
2807
2811
2818
2808
2810
2817
2823
2813
2814
2817
2814
2816
2832
2819
2821
2823
2817
2822
2827
2831
2824
2827
2831
2824
2826
2835
2827
2828
2830
2826
2828
2826
2834
2837
2830
2835
2830
2831
2834
2830
2837
2844
2848
2851
2836
2840
2836
2841
2849
2850
2839
2839
2842
2849
2853
2841
2842
2839
2844
2851
2843
2845
2848
2843
2845
2854
2846
2852
2856
2863
2850
2852
2857
2849
2860
2850
2854
2855
2862
2855
2866
2868
2873
2857
2863
2856
2857
2869
2859
2862
2864
2859
2864
2872
2860
2861
2866
2860
2868
2874
2863
2866
2869
2862
2874
2878
2880
2869
2878
2869
2874
2869
2872
2868
2870
2881
2885
2899
2898
2876
2878
2882
2874
2882
2884
2875
2877
2897
2879
2884
2877
2878
2885
2880
2881
2886
2901
2887
2891
2885
2889
2885
2889
2893
2887
2890
2894
2896
2901
2889
2890
2892
2889
2890
2892
2889
2900
2891
2895
2914
2897
2898
2898
2912
2900
2901
2906
2902
2910
2903
2911
2903
2904
2910
2914
2921
2906
2909
2904
2905
2907
2903
2909
2905
2911
2917
2918
2907
2909
2915
2908
2910
2917
2909
2910
2918
2911
2919
2911
2912
2921
2923
2913
2914
2924
2930
2917
2918
2921
2917
2921
2919
2924
2928
2937
2923
2924
2926
2921
2922
2924
2920
2928
2922
2923
2930
2939
2927
2928
2938
2931
2929
2928
2933
2939
2947
2933
2935
2937
2932
2938
2933
2945
2949
2937
2938
2941
2936
2939
2936
2941
2946
2956
2943
2945
2958
2944
2955
2957
2944
2945
2953
2957
2949
2950
2958
2949
2950
2952
2948
2949
2958
2951
2954
2958
2952
2953
2956
2953
2961
2956
2957
2960
2955
2959
2964
2957
2962
2965
2964
2960
2965
2969
2961
2965
2961
2966
2968
2963
2969
2966
2967
2972
2974
2968
2970
2994
2975
2982
2987
2989
2979
2982
2978
2980
2978
2979
2983
2993
2983
2986
2988
3000
2988
3001
2988
2991
2986
2988
2989
2993
2987
2988
2995
2998
2992
2993
2999
2993
2995
2997
2993
2999
2994
2995
2997
3006
2999
3005
2999
3003
3005
3002
3016
3023
3005
3016
3021
3007
3008
3018
3007
3008
3012
3030
3032
3013
3014
3016
3018
3024
3016
3021
3033
3018
3022
3015
3016
3019
3016
3019
3024
3019
3021
3018
3021
3025
3028
3022
3029
3023
3024
3028
3023
3024
3026
3034
3025
3026
3029
3024
3030
3025
3030
3037
3043
3045
3035
3037
3033
3043
3034
3044
3035
3045
3039
3045
3047
3037
3040
3042
3044
3037
3046
3048
3040
3041
3048
3043
3044
3048
3043
3049
3043
3044
3048
3068
3049
3052
3057
3049
3050
3057
3050
3056
3049
3057
3059
3050
3052
3054
3050
3054
3051
3055
3057
3053
3055
3057
3053
3064
3067
3070
3058
3060
3061
3056
3066
3058
3059
3060
3066
3062
3064
3070
3063
3071
3063
3066
3069
3063
3066
3063
3069
3076
3085
3091
3094
3076
3079
3073
3074
3080
3074
3077
3073
3074
3076
3082
3074
3079
3084
3089
3077
3081
3076
3079
3077
3078
3080
3078
3085
3088
3081
3084
3088
3091
3101
3088
3089
3103
3089
3090
3094
3087
3088
3090
3087
3089
3093
3090
3097
3097
3102
3100
3101
3110
3102
3103
3105
3102
3105
3108
3110
3104
3112
3107
3105
3108
3110
3107
3112
3119
3110
3116
3118
3117
3113
3114
3124
3114
3118
3124
3117
3119
3123
3117
3121
3120
3123
3125
3120
3126
3122
3125
3129
3133
3147
3130
3131
3127
3133
3141
3130
3133
3129
3139
3141
3131
3133
3135
3145
3133
3136
3140
3142
3134
3138
3135
3138
3143
3138
3145
3140
3139
3145
3151
3144
3145
3146
3147
3162
3164
3148
3148
3166
3148
3152
3158
3149
3153
3155
3149
3152
3160
3152
3156
3164
3152
3154
3166
3154
3167
3179
3159
3161
3164
3157
3159
3163
3168
3158
3160
3157
3162
3160
3168
3174
3163
3172
3165
3175
3166
3168
3165
3170
3178
3184
3171
3183
3170
3171
3172
3178
3170
3176
3177
3170
3173
3170
3171
3178
3180
3176
3180
3177
3184
3186
3181
3183
3185
3188
3213
3190
3202
3188
3189
3191
3187
3188
3193
3189
3190
3194
3197
3190
3191
3195
3190
3201
3192
3193
3196
3203
3195
3198
3194
3195
3199
3203
3207
3199
3198
3201
3209
3214
3207
3215
3207
3208
3212
3206
3217
3207
3213
3218
3219
3225
3214
3227
3233
3217
3221
3215
3218
3214
3217
3220
3224
3217
3225
3233
3236
3223
3226
3221
3222
3230
3223
3224
3227
3238
3228
3229
3235
3230
3235
3244
3233
3234
3241
3233
3239
3236
3239
3236
3241
3244
3246
3263
3247
3249
3245
3248
3244
3247
3251
3253
3247
3257
3248
3252
3256
3267
3270
3252
3257
3251
3254
3260
3256
3257
3265
3278
3263
3264
3269
3261
3262
3267
3262
3263
3265
3262
3269
3273
3264
3266
3280
3266
3269
3275
3267
3269
3266
3274
3277
3286
3272
3277
3272
3273
3281
3283
3275
3277
3274
3275
3280
3275
3276
3282
3285
3276
3282
3276
3278
3296
3303
3287
3288
3292
3287
3291
3286
3287
3296
3298
3290
3292
3288
3292
3289
3291
3300
3293
3294
3299
3302
3310
3298
3299
3303
3300
3306
3302
3304
3312
3315
3305
3306
3312
3304
3305
3309
3304
3328
3329
3310
3311
3306
3323
3312
3314
3319
3311
3322
3323
3312
3320
3323
3314
3326
3333
3337
3323
3326
3330
3322
3324
3321
3322
3321
3324
3328
3337
3339
3340
3330
3327
3328
3330
3329
3329
3340
3331
3334
3337
3361
3337
3343
3335
3337
3339
3334
3335
3347
3350
3340
3341
3345
3348
3342
3343
3345
3342
3343
3349
3344
3351
3362
3354
3363
3354
3355
3366
3369
3357
3359
3355
3365
3357
3361
3363
3358
3359
3364
3367
3363
3370
3363
3365
3370
3374
3366
3379
3367
3376
3367
3368
3370
3367
3376
3378
3387
3393
3400
3376
3400
3376
3382
3384
3413
3381
3382
3375
3376
3381
3376
3382
3376
3383
3386
3392
3401
3385
3389
3393
3384
3386
3392
3385
3387
3384
3387
3398
3402
3388
3399
3389
3400
3389
3393
3397
3409
3392
3393
3400
3392
3400
3407
3397
3398
3424
3402
3404
3407
3409
3403
3409
3423
3408
3409
3414
3406
3408
3405
3409
3419
3411
3412
3419
3412
3415
3417
3412
3413
3417
3414
3416
3434
3419
3425
3428
3419
3420
3423
3419
3423
3419
3437
3439
3446
3466
3432
3433
3435
3428
3434
3427
3429
3431
3435
3428
3430
3427
3428
3431
3448
3452
3436
3435
3442
3434
3438
3433
3434
3439
3441
3460
3464
3440
3441
3443
3436
3437
3448
3441
3442
3455
3445
3455
3445
3446
3453
3446
3449
3450
3461
3449
3450
3462
3454
3461
3455
3458
3462
3456
3457
3461
3457
3462
3457
3458
3461
3462
3470
3462
3472
3463
3465
3471
3463
3464
3467
3473
3463
3464
3471
3466
3471
3472
3469
3472
3476
3471
3481
3472
3474
3470
3474
3470
3474
3475
3480
3473
3476
3476
3482
3493
3479
3480
3476
3480
3476
3480
3489
3493
3497
3483
3495
3482
3489
3493
3485
3486
3488
3490
3490
3486
3486
3491
3493
3498
3491
3493
3500
3494
3495
3501
3503
3503
3496
3501
3504
3496
3505
3498
3500
3502
3498
3508
3512
3514
3516
3502
3504
3512
3503
3509
3520
3507
3512
3506
3508
3505
3506
3514
3507
3515
3507
3510
3518
3525
3530
3514
3520
3523
3513
3514
3519
3515
3520
3517
3522
3517
3518
3520
3517
3527
3523
3524
3524
3528
3524
3525
3527
3529
3533
3527
3529
3533
3527
3529
3533
3529
3533
3529
3543
3548
3552
3535
3536
3540
3547
3539
3541
3551
3541
3543
3539
3548
3541
3542
3552
3554
3544
3545
3547
3555
3546
3547
3549
3548
3550
3554
3549
3550
3564
3553
3555
3557
3552
3557
3561
3553
3563
3567
3556
3557
3565
3558
3559
3561
3558
3561
3560
3561
3565
3562
3566
3562
3568
3571
3573
3578
3566
3567
3570
3567
3568
3577
3571
3573
3575
3571
3572
3575
3571
3576
3584
3574
3577
3584
3575
3579
3574
3584
3576
3580
3583
3577
3584
3587
3578
3581
3585
3594
3598
3583
3584
3586
3581
3585
3597
3588
3590
3599
3590
3599
3590
3595
3605
3594
3597
3592
3594
3597
3603
3606
3595
3600
3595
3597
3602
3597
3598
3606
3599
3607
3601
3606
3601
3607
3618
3635
3637
3610
3611
3616
3606
3607
3618
3607
3612
3614
3609
3612
3617
3611
3612
3618
3626
3614
3616
3612
3613
3615
3613
3618
3613
3614
3628
3632
3617
3620
3615
3620
3624
3621
3623
3628
3632
3622
3627
3632
3624
3630
3629
3624
3625
3630
3625
3626
3636
3639
3630
3631
3637
3630
3636
3629
3632
3647
3636
3638
3634
3639
3635
3641
3638
3647
3670
3646
3654
3656
3644
3645
3651
3643
3649
3652
3655
3649
3650
3648
3653
3656
3651
3652
3662
3671
3658
3659
3655
3658
3667
3658
3670
3674
3678
3665
3666
3668
3663
3664
3672
3665
3672
3679
3668
3670
3668
3672
3669
3671
3675
3670
3671
3675
3678
3685
3673
3679
3672
3681
3680
3673
3675
3672
3673
3678
3681
3687
3676
3684
3677
3679
3683
3678
3680
3695
3682
3691
3681
3682
3692
3682
3683
3686
3688
3683
3685
3688
3685
3687
3692
3687
3693
3700
3705
3691
3700
3705
3691
3693
3711
3698
3702
3696
3701
3696
3702
3705
3699
3702
3703
3705
3700
3703
3706
3700
3708
3712
3716
3703
3706
3709
3702
3703
3707
3702
3703
3713
3705
3708
3706
3709
3720
3712
3714
3718
3722
3714
3715
3712
3719
3721
3714
3719
3714
3720
3730
3734
3717
3720
3739
3724
3730
3742
3725
3726
3731
3724
3726
3729
3726
3730
3740
3742
3731
3733
3729
3730
3732
3729
3730
3733
3737
3732
3735
3741
3733
3740
3749
3739
3740
3754
3741
3742
3745
3739
3741
3738
3745
3747
3741
3745
3755
3743
3746
3765
3748
3749
3754
3747
3748
3751
3756
3750
3758
3761
3751
3752
3772
3760
3763
3758
3764
3769
3779
3768
3769
3777
3769
3770
3773
3778
3770
3771
3774
3783
3773
3774
3778
3774
3775
3781
3775
3777
3781
3777
3778
3798
3782
3783
3788
3780
3784
3779
3780
3783
3788
3782
3788
3793
3799
3786
3801
3787
3787
3791
3809
3792
3793
3796
3790
3792
3789
3791
3790
3793
3791
3792
3795
3804
3795
3797
3799
3803
3795
3796
3812
3801
3803
3805
3799
3801
3811
3801
3804
3810
3815
3805
3806
3811
3806
3807
3811
3806
3813
3818
3812
3813
3820
3815
3816
3825
3817
3825
3828
3819
3821
3827
3820
3821
3828
3822
3827
3822
3831
3841
3843
3827
3836
3838
3827
3828
3830
3829
3834
3829
3832
3843
3848
3845
3833
3834
3834
3837
3832
3833
3836
3834
3838
3839
3834
3841
3837
3845
3838
3849
3844
3846
3844
3845
3848
3844
3845
3853
3862
3851
3852
3855
3851
3853
3851
3852
3858
3852
3855
3858
3855
3856
3873
3878
3863
3865
3874
3863
3867
3861
3862
3864
3862
3863
3867
3863
3864
3868
3872
3864
3866
3869
3879
3868
3872
3867
3870
3867
3879
3883
3892
3897
3875
3876
3878
3873
3878
3875
3876
3884
3888
3877
3878
3885
3878
3882
3879
3882
3880
3884
3891
3882
3884
3897
3885
3887
3883
3892
3899
3908
3889
3893
3886
3888
3901
3890
3897
3902
3893
3894
3897
3915
3923
3930
3901
3902
3905
3899
3904
3907
3899
3900
3912
3903
3904
3906
3902
3909
3903
3904
3910
3906
3908
3910
3907
3909
3913
3909
3922
3911
3914
3918
3910
3911
3921
3913
3920
3930
3938
3921
3923
3928
3921
3922
3929
3922
3923
3931
3923
3928
3924
3926
3930
3935
3926
3928
3932
3934
3929
3930
3937
3931
3932
3944
3933
3935
3931
3933
3947
3951
3937
3941
3935
3936
3943
3946
3939
3941
3948
3940
3941
3949
3943
3946
3951
3944
3945
3959
3946
3953
3959
3947
3950
3945
3947
3955
3964
3949
3950
3956
3947
3949
3968
3952
3953
3970
3954
3961
3952
3954
3951
3957
3960
3952
3956
3960
3966
3955
3956
3968
3960
3964
3971
3961
3962
3966
3963
3969
3963
3966
3963
3966
3969
3971
3974
3978
3966
3968
3969
3966
3969
3968
3976
3980
3984
3972
3985
3974
3979
3986
3984
3975
3985
3977
3978
3981
3977
3986
3978
3981
3988
3991
3982
3987
3990
3982
3988
3983
3991
3983
3987
3992
3994
3985
3987
3984
3988
3990
3996
3987
3989
3992
3988
3989
3992
3998
4001
3995
4000
3995
3998
3995
4002
4004
4007
3998
4004
3999
4003
4008
4011
4004
4005
4007
4004
4004
4007
4010
4014
4017
4010
4019
4010
4028
4039
4048
4019
4020
4022
4014
4015
4017
4013
4014
4019
4032
4018
4024
4017
4024
4031
4019
4028
4034
4020
4021
4025
4020
4024
4019
4021
4035
4037
4025
4029
4023
4025
4029
4034
4026
4032
4027
4028
4037
4040
4029
4030
4034
4030
4035
4037
4032
4038
4034
4041
4035
4036
4044
4047
4038
4042
4044
4038
4040
4042
4038
4041
4044
4052
4041
4043
4045
4041
4046
4051
4053
4045
4049
4044
4056
4061
4048
4053
4046
4050
4052
4057
4061
4051
4053
4057
4051
4052
4056
4054
4055
4060
4057
4066
4061
4062
4065
4062
4063
4065
4065
4066
4068
4067
4073
4068
4069
4075
4068
4069
4072
4069
4075
4079
4072
4077
4071
4074
4078
4086
4088
4089
4077
4080
4075
4076
4081
4076
4077
4079
4077
4086
4078
4079
4087
4082
4086
4090
4104
4087
4088
4096
4099
4090
4093
4110
4092
4093
4109
4094
4098
4092
4095
4091
4097
4092
4096
4098
4094
4099
4101
4095
4106
4108
4114
4119
4100
4101
4105
4123
4104
4105
4110
4102
4103
4111
4107
4109
4107
4114
4117
4110
4112
4117
4126
4115
4124
4114
4115
4117
4120
4114
4115
4140
4122
4124
4126
4119
4118
4120
4130
4140
4124
4126
4121
4124
4123
4126
4132
4126
4133
4138
4141
4129
4130
4132
4128
4129
4131
4140
4130
4137
4143
4135
4138
4135
4141
4142
4136
4138
4145
4140
4142
4148
4154
4166
4150
4152
4147
4151
4155
4160
4148
4153
4147
4152
4158
4166
4151
4153
4161
4151
4154
4150
4151
4153
4150
4157
4151
4152
4160
4154
4155
4162
4155
4156
4178
4161
4163
4170
4173
4163
4174
4179
4183
4165
4167
4178
4169
4174
4181
4172
4174
4170
4173
4183
4173
4183
4188
4199
4178
4179
4183
4178
4179
4185
4180
4187
4181
4182
4186
4182
4184
4187
4195
4185
4187
4189
4184
4186
4195
4189
4190
4193
4188
4195
4189
4194
4189
4193
4204
4193
4199
4192
4197
4205
4208
4210
4217
4197
4200
4195
4196
4200
4195
4205
4215
4201
4205
4199
4206
4206
4207
4200
4208
4201
4207
4209
4211
4204
4204
4208
4214
4218
4232
4209
4213
4207
4220
4210
4217
4222
4236
4241
4247
4218
4219
4224
4213
4219
4224
4215
4216
4234
4217
4226
4215
4220
4216
4218
4220
4217
4221
4223
4229
4222
4224
4232
4225
4226
4228
4225
4226
4229
4231
4226
4229
4234
4229
4230
4237
4230
4232
4235
4232
4240
4235
4236
4242
4236
4243
4248
4245
4240
4241
4245
4240
4241
4246
4248
4242
4244
4255
4244
4257
4262
4267
4249
4252
4255
4248
4259
4250
4255
4258
4268
4271
4256
4257
4261
4254
4265
4257
4260
4256
4257
4262
4266
4258
4263
4259
4262
4266
4260
4265
4269
4275
4282
4267
4270
4272
4269
4271
4269
4271
4275
4271
4273
4271
4277
4272
4273
4278
4285
4274
4294
4297
4299
4278
4281
4274
4275
4278
4288
4289
4293
4301
4283
4284
4292
4283
4285
4290
4283
4284
4294
4284
4287
4288
4285
4290
4286
4289
4292
4288
4289
4294
4302
4291
4294
4298
4304
4292
4297
4292
4295
4293
4295
4298
4293
4298
4299
4294
4302
4305
4297
4300
4302
4297
4299
4310
4315
4302
4303
4310
4302
4303
4307
4303
4306
4310
4304
4305
4303
4304
4311
4314
4317
4308
4309
4322
4312
4322
4312
4313
4331
4315
4316
4324
4315
4316
4319
4316
4322
4317
4323
4325
4320
4325
4320
4323
4326
4332
4323
4325
4328
4335
4329
4333
4341
4335
4340
4342
4336
4345
4349
4353
4342
4349
4341
4348
4342
4351
4343
4345
4349
4352
4355
4366
4349
4350
4352
4346
4347
4356
4348
4356
4348
4350
4346
4348
4354
4350
4351
4354
4355
4357
4351
4358
4352
4353
4358
4362
4357
4361
4365
4358
4360
4358
4359
4358
4359
4367
4370
4374
4366
4368
4370
4365
4366
4381
4370
4376
4369
4371
4368
4371
4380
4372
4375
4380
4383
4373
4375
4379
4373
4374
4379
4401
4379
4380
4375
4379
4375
4376
4386
4398
4381
4385
4391
4380
4381
4388
4406
4387
4389
4383
4384
4397
4387
4388
4401
4388
4390
4399
4389
4392
4388
4392
4388
4390
4393
4397
4408
4392
4398
4403
4392
4393
4397
4419
4397
4398
4416
4401
4404
4408
4400
4401
4405
4401
4407
4401
4402
4409
4403
4404
4421
4408
4412
4417
4408
4417
4408
4409
4416
4409
4410
4413
4418
4410
4414
4409
4414
4419
4427
4432
4433
4414
4415
4423
4413
4414
4417
4420
4413
4414
4424
4426
4416
4418
4427
4418
4419
4426
4421
4422
4421
4425
4432
4424
4425
4430
4425
4427
4425
4434
4435
4440
4429
4432
4439
4431
4432
4436
4431
4432
4430
4433
4436
4432
4434
4437
4438
4442
4437
4438
4447
4440
4450
4441
4444
4446
4440
4441
4444
4440
4441
4444
4442
4443
4451
4445
4449
4445
4446
4452
4446
4456
4462
4464
4473
4452
4454
4473
4454
4456
4458
4451
4459
4452
4453
4455
4451
4453
4458
4452
4455
4453
4457
4461
4465
4465
4455
4465
4456
4459
4463
4456
4457
4460
4461
4457
4466
4459
4467
4466
4459
4470
4471
4461
4461
4464
4468
4471
4463
4464
4466
4464
4468
4477
4470
4473
4485
4472
4473
4477
4479
4472
4473
4487
4476
4480
4483
4478
4479
4487
4478
4485
4487
4481
4489
4483
4491
4483
4492
4485
4487
4489
4497
4487
4490
4493
4486
4487
4500
4489
4500
4508
4494
4495
4491
4493
4495
4505
4499
4502
4499
4502
4499
4503
4507
4500
4501
4503
4505
4501
4502
4509
4505
4513
4517
4507
4510
4505
4518
4507
4519
4510
4519
4508
4509
4514
4520
4511
4514
4518
4511
4516
4510
4523
4527
4531
4514
4519
4521
4513
4520
4531
4538
4522
4523
4519
4524
4526
4529
4523
4532
4525
4528
4532
4527
4529
4532
4527
4528
4530
4527
4529
4527
4529
4531
4535
4530
4531
4542
4533
4542
4537
4547
4535
4539
4535
4539
4550
4539
4550
4554
4540
4541
4548
4540
4546
4540
4544
4547
4556
4569
4548
4556
4546
4555
4567
4575
4551
4555
4547
4550
4546
4549
4552
4554
4548
4551
4554
4549
4553
4556
4550
4554
4550
4554
4556
4551
4552
4554
4552
4555
4555
4574
4558
4559
4562
4567
4559
4560
4565
4559
4560
4568
4561
4568
4561
4565
4561
4562
4584
4573
4575
4583
4586
4576
4577
4583
4575
4584
4586
4578
4582
4587
4579
4582
4587
4579
4585
4593
4582
4596
4584
4586
4596
4585
4586
4588
4584
4585
4598
4588
4589
4591
4588
4594
4597
4591
4596
4591
4592
4598
4602
4606
4608
4596
4599
4597
4598
4606
4609
4602
4608
4612
4604
4616
4605
4618
4606
4609
4616
4640
4611
4616
4618
4607
4608
4614
4606
4615
4617
4622
4609
4610
4618
4620
4614
4615
4617
4623
4616
4620
4626
4618
4624
4625
4633
4622
4623
4627
4623
4624
4633
4629
4630
4635
4638
4630
4629
4632
4639
4633
4644
4634
4635
4637
4654
4640
4646
4639
4640
4644
4662
4647
4663
4647
4650
4654
4647
4649
4651
4647
4648
4653
4655
4649
4655
4650
4651
4655
4657
4654
4660
4663
4664
4656
4656
4657
4662
4655
4657
4660
4657
4660
4666
4669
4672
4660
4675
4663
4664
4666
4662
4668
4669
4673
4664
4666
4663
4665
4667
4679
4670
4681
4670
4671
4678
4670
4674
4669
4670
4673
4677
4679
4671
4678
4686
4678
4679
4686
4678
4679
4676
4682
4684
4701
4684
4702
4685
4687
4688
4695
4687
4689
4686
4689
4686
4687
4696
4698
4689
4696
4688
4692
4694
4689
4697
4689
4699
4692
4694
4691
4695
4702
4695
4698
4695
4697
4700
4706
4715
4701
4702
4704
4698
4699
4702
4707
4700
4701
4714
4702
4706
4702
4712
4714
4706
4707
4709
4706
4713
4712
4710
4711
4724
4714
4721
4727
4731
4719
4720
4724
4717
4723
4718
4720
4718
4737
4751
4726
4734
4738
4742
4740
4726
4736
4725
4728
4741
4728
4729
4735
4727
4737
4730
4742
4731
4733
4735
4731
4732
4735
4731
4740
4733
4734
4740
4733
4735
4740
4734
4735
4738
4734
4735
4738
4740
4737
4741
4745
4738
4739
4743
4739
4744
4741
4750
4755
4745
4746
4765
4751
4753
4759
4753
4755
4752
4754
4760
4754
4762
4767
4776
4760
4771
4759
4762
4775
4775
4785
4765
4773
4779
4764
4765
4773
4762
4773
4789
4771
4774
4768
4772
4772
4779
4770
4771
4781
4771
4772
4783
4773
4775
4771
4775
4771
4773
4785
4775
4777
4782
4774
4777
4779
4775
4776
4783
4789
4778
4786
4793
4801
4784
4786
4781
4782
4792
4784
4786
4783
4788
4789
4790
4798
4786
4790
4786
4788
4786
4787
4805
4807
4809
4796
4795
4795
4810
4820
4834
4807
4809
4802
4811
4802
4803
4810
4817
4804
4810
4813
4818
4806
4808
4804
4807
4804
4819
4821
4808
4814
4828
4811
4814
4818
4823
4811
4826
4812
4814
4816
4829
4832
4815
4829
4819
4820
4826
4828
4818
4820
4817
4818
4831
4836
4823
4831
4824
4831
4824
4825
4827
4829
4826
4827
4836
4828
4831
4835
4828
4829
4837
4849
4835
4838
4833
4834
4851
4836
4838
4834
4836
4846
4836
4841
4847
4850
4838
4841
4836
4838
4840
4838
4844
4850
4863
4878
4850
4853
4845
4857
4846
4853
4845
4847
4853
4858
4865
4852
4855
4850
4851
4854
4852
4853
4864
4854
4855
4857
4853
4859
4855
4864
4866
4869
4872
4859
4860
4869
4873
4861
4866
4868
4862
4864
4867
4862
4864
4869
4862
4864
4883
4871
4872
4875
4869
4879
4872
4873
4878
4874
4875
4878
4885
4877
4879
4876
4880
4876
4882
4889
4879
4883
4877
4878
4880
4884
4878
4880
4890
4894
4881
4886
4881
4883
4886
4889
4883
4885
4899
4901
4887
4898
4887
4888
4895
4887
4894
4898
4890
4898
4905
4912
4894
4898
4900
4892
4895
4901
4896
4898
4901
4896
4904
4898
4905
4898
4903
4904
4921
4905
4919
4904
4909
4918
4926
4908
4913
4907
4909
4912
4908
4910
4914
4909
4911
4913
4910
4911
4915
4920
4927
4913
4916
4928
4918
4919
4925
4918
4919
4917
4921
4917
4919
4921
4924
4918
4922
4918
4930
4933
4921
4934
4955
4958
4964
4929
4935
4953
4929
4931
4932
4924
4925
4924
4938
4941
4927
4928
4939
4929
4931
4941
4932
4938
4946
4948
4939
4942
4938
4943
4946
4940
4942
4947
4940
4947
4940
4943
4940
4941
4946
4950
4942
4947
4945
4956
4957
4947
4947
4950
4954
4947
4952
4948
4949
4954
4953
4952
4955
4964
4983
4962
4964
4968
4959
4960
4965
4959
4961
4965
4959
4965
4967
4963
4966
4972
4965
4966
4968
4964
4973
4967
4974
4978
4968
4974
4979
4990
4996
4975
4997
4975
4978
4985
4991
4975
4977
4972
4975
4983
4984
4976
4979
4981
4976
4982
4992
4982
4985
4990
4983
4984
4981
4983
4984
4982
4986
4983
4983
4988
4983
4984
4986
4984
4985
4995
4997
5013
4993
4996
4989
4991
4988
4993
4991
4989
4991
4989
4992
4994
4995
4994
4999
4991
4993
5001
4993
4996
4993
4994
4998
5007
4998
5003
4997
5002
4999
5002
4999
5000
5007
5009
5002
5004
5012
5003
5006
5009
5004
5005
5008
5012
5006
5007
5017
5019
5009
5017
5010
5013
5009
5010
5016
5021
5014
5019
5014
5017
5020
5027
5018
5019
5027
5029
5020
5023
5018
5022
5031
5035
5026
5027
5040
5028
5029
5037
5028
5030
5027
5028
5035
5028
5033
5029
5031
5029
5030
5036
5040
5044
5054
5035
5050
5052
5038
5042
5036
5042
5045
5048
5038
5039
5042
5037
5038
5042
5038
5039
5050
5041
5043
5053
5046
5053
5046
5054
5046
5052
5057
5061
5050
5051
5054
5050
5055
5051
5059
5067
5074
5057
5059
5054
5057
5058
5069
5057
5060
5055
5062
5056
5060
5064
5073
5082
5062
5068
5071
5063
5064
5072
5075
5067
5068
5071
5067
5068
5071
5067
5068
5071
5068
5073
5070
5072
5076
5083
5075
5082
5075
5076
5087
5077
5080
5078
5079
5084
5088
5082
5085
5087
5082
5084
5097
5087
5088
5091
5086
5087
5092
5086
5087
5094
5107
5092
5093
5097
5092
5093
5097
5093
5114
5099
5100
5103
5109
5103
5108
5103
5105
5103
5105
5114
5116
5132
5115
5117
5112
5113
5122
5113
5116
5122
5115
5116
5125
5139
5125
5131
5123
5124
5129
5123
5125
5128
5134
5124
5125
5137
5126
5135
5126
5130
5127
5131
5136
5140
5130
5132
5136
5130
5136
5131
5136
5131
5143
5155
5157
5136
5139
5141
5133
5135
5157
5137
5143
5145
5136
5143
5146
5148
5137
5138
5145
5138
5142
5146
5139
5140
5142
5145
5141
5142
5153
5144
5145
5147
5145
5147
5149
5145
5152
5148
5149
5153
5150
5155
5166
5177
5158
5178
5158
5160
5162
5157
5159
5168
5159
5170
5159
5162
5170
5160
5161
5168
5174
5161
5171
5161
5163
5168
5160
5164
5167
5170
5172
5166
5170
5167
5169
5171
5169
5170
5181
5172
5174
5171
5177
5172
5176
5178
5180
5196
5201
5179
5183
5176
5181
5183
5176
5179
5190
5184
5185
5191
5186
5190
5185
5187
5192
5187
5192
5207
5191
5192
5196
5200
5194
5199
5196
5202
5205
5197
5203
5212
5201
5202
5205
5202
5206
5208
5203
5206
5215
5227
5232
5210
5213
5206
5209
5216
5220
5208
5225
5230
5211
5222
5228
5213
5215
5211
5214
5211
5216
5222
5215
5216
5222
5215
5217
5214
5220
5222
5216
5219
5222
5228
5218
5219
5228
5219
5232
5243
5246
5253
5228
5233
5224
5225
5235
5227
5230
5226
5227
5238
5241
5230
5235
5248
5232
5233
5242
5232
5235
5230
5233
5235
5231
5232
5234
5239
5234
5237
5244
5236
5237
5242
5238
5240
5250
5242
5245
5241
5246
5242
5243
5246
5243
5248
5249
5256
5262
5270
5250
5251
5253
5247
5248
5253
5247
5255
5260
5249
5258
5250
5251
5255
5265
5255
5256
5262
5255
5256
5258
5254
5255
5272
5260
5261
5264
5258
5259
5265
5259
5282
5268
5271
5273
5278
5267
5269
5282
5270
5271
5274
5268
5271
5268
5271
5281
5273
5282
5285
5274
5275
5280
5302
5281
5284
5278
5285
5291
5293
5281
5285
5279
5284
5280
5289
5299
5283
5285
5288
5281
5286
5289
5283
5284
5286
5284
5285
5291
5298
5288
5294
5300
5289
5297
5301
5292
5308
5315
5298
5301
5305
5296
5298
5295
5296
5299
5298
5301
5299
5301
5314
5327
5331
5307
5312
5303
5306
5311
5313
5305
5311
5306
5324
5330
5336
5314
5317
5310
5311
5318
5314
5315
5317
5315
5329
5318
5332
5335
5338
5351
5365
5368
5367
5332
5332
5337
5338
5334
5335
5338
5328
5329
5333
5328
5336
5328
5343
5334
5337
5339
5334
5341
5349
5336
5347
5352
5339
5347
5359
5360
5341
5341
5344
5348
5355
5359
5341
5348
5340
5342
5353
5356
5347
5350
5369
5349
5351
5356
5367
5351
5354
5358
5350
5360
5360
5351
5362
5354
5358
5360
5356
5357
5359
5356
5358
5362
5367
5368
5359
5360
5362
5358
5359
5361
5372
5375
5362
5376
5390
5367
5373
5366
5371
5385
5370
5373
5375
5368
5377
5384
5372
5376
5371
5373
5379
5384
5386
5375
5377
5380
5374
5375
5401
5382
5384
5379
5380
5391
5380
5382
5389
5406
5384
5388
5385
5387
5393
5398
5388
5392
5386
5389
5386
5388
5397
5414
5392
5393
5405
5393
5394
5401
5404
5394
5395
5398
5393
5396
5400
5398
5398
5397
5398
5400
5398
5405
5400
5403
5405
5400
5401
5408
5414
5418
5406
5415
5405
5411
5405
5408
5408
5407
5411
5414
5421
5429
5415
5423
5429
5415
5417
5413
5414
5416
5414
5417
5420
5415
5422
5424
5435
5420
5422
5428
5418
5422
5418
5421
5419
5420
5426
5432
5451
5432
5436
5429
5431
5428
5430
5433
5429
5432
5435
5439
5434
5437
5445
5436
5440
5447
5438
5451
5439
5442
5450
5452
5442
5446
5448
5442
5443
5448
5449
5444
5442
5442
5454
5444
5447
5446
5456
5450
5451
5453
5449
5450
5453
5449
5451
5453
5459
5452
5453
5464
5453
5460
5463
5453
5459
5469
5456
5460
5455
5457
5460
5463
5456
5457
5466
5459
5465
5459
5462
5459
5460
5462
5460
5463
5473
5477
5464
5475
5464
5468
5471
5467
5473
5476
5469
5470
5480
5473
5474
5477
5473
5474
5476
5479
5488
5479
5484
5478
5483
5487
5498
5482
5483
5498
5484
5485
5487
5483
5489
5483
5486
5494
5499
5487
5488
5502
5490
5496
5488
5490
5494
5489
5491
5496
5499
5492
5494
5491
5493
5500
5492
5496
5502
5505
5495
5507
5509
5500
5502
5499
5500
5503
5500
5501
5504
5502
5503
5508
5503
5507
5510
5504
5507
5503
5509
5520
5531
5509
5512
5519
5522
5511
5515
5510
5511
5523
5512
5516
5511
5512
5514
5512
5518
5522
5515
5518
5514
5515
5518
5532
5549
5524
5525
5531
5520
5522
5530
5539
5524
5527
5522
5525
5521
5526
5534
5538
5540
5526
5529
5524
5525
5534
5538
5529
5535
5529
5531
5528
5534
5535
5528
5537
5540
5530
5532
5550
5533
5535
5548
5535
5536
5537
5532
5537
5542
5545
5538
5540
5543
5538
5540
5542
5539
5542
5545
5549
5543
5550
5545
5546
5549
5551
5546
5548
5545
5551
5555
5547
5549
5553
5564
5552
5553
5550
5554
5559
5554
5560
5554
5558
5562
5556
5557
5566
5568
5559
5563
5571
5575
5567
5580
5569
5578
5568
5569
5581
5576
5588
5570
5578
5574
5581
5575
5582
5576
5579
5581
5576
5577
5579
5578
5580
5591
5595
5605
5585
5588
5582
5585
5592
5599
5587
5592
5594
5586
5587
5590
5585
5588
5596
5589
5591
5588
5592
5596
5598
5593
5594
5596
5594
5599
5596
5598
5604
5598
5599
5602
5608
5600
5601
5613
5601
5613
5603
5606
5609
5603
5610
5604
5608
5611
5608
5611
5613
5610
5612
5624
5614
5615
5619
5628
5634
5619
5628
5618
5623
5618
5621
5627
5629
5631
5623
5632
5646
5630
5631
5633
5629
5632
5635
5630
5631
5638
5633
5634
5641
5645
5639
5649
5642
5643
5648
5643
5646
5642
5643
5645
5643
5648
5652
5644
5645
5649
5664
5671
5649
5650
5663
5653
5662
5653
5656
5659
5652
5656
5651
5653
5656
5654
5656
5665
5670
5679
5662
5673
5676
5664
5665
5671
5664
5674
5676
5667
5670
5667
5678
5670
5671
5674
5669
5673
5678
5681
5690
5676
5683
5674
5676
5685
5676
5692
5678
5684
5687
5677
5688
5687
5685
5679
5680
5682
5680
5681
5686
5681
5695
5697
5685
5686
5694
5696
5687
5698
5688
5689
5694
5687
5695
5700
5708
5697
5700
5695
5699
5700
5695
5698
5701
5696
5698
5702
5697
5707
5698
5700
5709
5717
5727
5705
5712
5715
5707
5709
5705
5706
5709
5711
5708
5717
5710
5711
5723
5732
5718
5720
5722
5716
5724
5730
5718
5726
5718
5722
5727
5720
5723
5726
5721
5722
5729
5740
5729
5736
5742
5731
5733
5735
5730
5738
5731
5739
5747
5755
5737
5758
5737
5738
5749
5737
5741
5736
5738
5747
5755
5739
5754
5760
5762
5744
5745
5747
5743
5752
5744
5745
5753
5762
5748
5749
5758
5747
5750
5746
5752
5754
5756
5748
5749
5758
5748
5751
5747
5752
5754
5760
5766
5753
5751
5756
5758
5762
5753
5768
5759
5761
5771
5761
5767
5774
5762
5763
5770
5762
5768
5762
5767
5771
5774
5769
5770
5782
5771
5773
5775
5769
5771
5774
5772
5774
5776
5773
5778
5781
5787
5777
5780
5776
5792
5795
5797
5803
5807
5783
5786
5788
5780
5784
5786
5780
5783
5791
5806
5788
5791
5797
5786
5788
5795
5787
5788
5792
5786
5787
5793
5788
5789
5801
5793
5795
5792
5794
5791
5794
5800
5807
5796
5808
5799
5801
5796
5808
5799
5801
5811
5803
5804
5816
5805
5809
5805
5806
5810
5814
5819
5812
5817
5812
5813
5818
5821
5816
5824
5816
5823
5817
5821
5817
5820
5826
5839
5825
5828
5834
5838
5826
5837
5841
5826
5827
5842
5827
5844
5828
5835
5848
5850
5854
5831
5833
5842
5831
5845
5832
5846
5835
5838
5831
5832
5838
5832
5834
5839
5832
5837
5832
5833
5837
5850
5838
5845
5838
5839
5841
5840
5841
5843
5842
5843
5846
5843
5862
5863
5870
5850
5862
5848
5849
5852
5854
5849
5850
5852
5850
5851
5860
5854
5855
5860
5855
5866
5858
5862
5865
5858
5864
5859
5860
5863
5859
5861
5865
5869
5864
5865
5867
5864
5868
5876
5870
5879
5872
5876
5871
5877
5880
5886
5892
5912
5884
5885
5887
5881
5888
5881
5885
5881
5883
5885
5881
5883
5891
5884
5885
5890
5909
5890
5892
5894
5899
5888
5889
5896
5888
5889
5897
5889
5892
5888
5897
5890
5894
5896
5903
5921
5923
5899
5897
5893
5894
5896
5897
5898
5894
5895
5898
5894
5907
5900
5905
5908
5914
5904
5905
5908
5906
5909
5906
5907
5910
5913
5919
5909
5913
5909
5925
5928
5915
5917
5921
5921
5913
5920
5926
5915
5924
5928
5920
5924
5927
5919
5920
5924
5921
5926
5921
5927
5944
5928
5945
5933
5942
5929
5930
5944
5932
5933
5936
5930
5932
5929
5932
5935
5930
5931
5937
5932
5938
5942
5935
5939
5937
5939
5947
5950
5958
5944
5947
5942
5954
5960
5948
5951
5960
5949
5955
5957
5975
5953
5955
5964
5951
5952
5954
5950
5957
5960
5953
5957
5961
5954
5956
5966
5958
5959
5969
5959
5963
5958
5963
5969
5959
5961
5969
5969
5967
5973
5968
5973
5968
5977
5980
5983
5972
5977
5970
5971
5976
5971
5976
5981
5973
5984
5982
5980
5984
5974
5975
5985
5975
5978
5988
5979
5981
5986
5979
5980
5982
5978
5981
5984
5978
5982
5979
5980
5983
5999
5983
5984
5997
5986
5987
5989
5986
5998
5988
5995
5998
6006
5991
6006
5991
5996
5991
5997
6007
6010
5995
5996
6000
5995
5999
6003
6008
5997
6001
5997
6002
5998
6002
6008
5999
6000
6013
6017
6004
6006
6011
6004
6007
6003
6011
6016
6007
6015
6008
6017
6027
6029
6012
6013
6021
6011
6017
6019
6025
6030
6015
6019
6013
6016
6018
6014
6017
6039
6041
6020
6025
6017
6020
6017
6019
6021
6019
6020
6026
6033
6025
6026
6029
6024
6030
6025
6026
6029
6026
6028
6026
6030
6033
6027
6033
6035
6029
6030
6043
6046
6052
6036
6046
6051
6037
6040
6035
6037
6043
6038
6039
6043
6038
6039
6043
6048
6058
6043
6044
6047
6042
6046
6042
6043
6048
6045
6047
6050
6047
6055
6048
6049
6060
6067
6053
6058
6065
6068
6057
6064
6071
6058
6062
6064
6057
6061
6056
6073
6077
6066
6067
6070
6065
6076
6088
6091
6071
6075
6067
6070
6066
6068
6072
6076
6087
6072
6086
6074
6078
6083
6074
6076
6080
6074
6075
6082
6078
6082
6078
6081
6078
6080
6084
6094
6098
6085
6089
6083
6095
6085
6090
6093
6095
6107
6093
6098
6100
6091
6103
6108
6096
6105
6107
6109
6100
6106
6109
6101
6102
6108
6103
6105
6103
6104
6111
6105
6108
6106
6109
6113
6109
6111
6113
6109
6111
6116
6118
6114
6115
6126
6117
6118
6124
6129
6117
6119
6126
6119
6120
6128
6125
6130
6126
6130
6126
6128
6132
6126
6131
6126
6127
6135
6138
6130
6131
6134
6131
6133
6157
6168
6138
6140
6146
6148
6138
6140
6145
6140
6142
6139
6142
6145
6140
6140
6149
6154
6157
6160
6144
6147
6153
6162
6147
6151
6146
6153
6146
6149
6152
6146
6150
6162
6165
6183
6159
6160
6167
6156
6163
6157
6159
6162
6159
6160
6163
6161
6168
6172
6164
6173
6178
6188
6169
6171
6174
6169
6174
6177
6169
6170
6173
6170
6172
6182
6172
6178
6173
6176
6181
6184
6175
6177
6184
6176
6183
6177
6178
6186
6178
6181
6191
6185
6186
6189
6186
6187
6189
6188
6192
6188
6193
6195
6197
6189
6191
6203
6193
6198
6201
6193
6196
6201
6214
6196
6197
6200
6194
6195
6197
6196
6203
6210
6198
6208
6200
6201
6204
6200
6202
6206
6216
6203
6206
6209
6202
6211
6203
6208
6212
6204
6205
6212
6219
6210
6211
6209
6211
6213
6216
6210
6218
6211
6217
6212
6213
6215
6221
6213
6214
6223
6216
6220
6215
6221
6223
6218
6219
6221
6227
6219
6225
6233
6221
6222
6225
6232
6222
6223
6234
6223
6229
6223
6237
6243
6247
6229
6238
6242
6248
6235
6234
6239
6244
6247
6235
6247
6237
6238
6241
6236
6237
6251
6257
6244
6247
6242
6246
6255
6244
6246
6248
6254
6244
6253
6245
6247
6249
6253
6245
6246
6254
6247
6251
6246
6247
6254
6265
6252
6261
6255
6256
6258
6256
6257
6264
6258
6259
6262
6266
6261
6266
6261
6263
6267
6263
6264
6269
6273
6266
6270
6265
6266
6276
6267
6279
6282
6269
6280
6284
6275
6283
6288
6277
6278
6289
6279
6280
6283
6279
6282
6279
6283
6286
6290
6281
6290
6292
6283
6296
6306
6309
6287
6306
6288
6292
6299
6287
6288
6293
6286
6287
6293
6286
6288
6297
6292
6293
6297
6296
6298
6305
6298
6300
6297
6299
6301
6302
6299
6301
6304
6302
6299
6308
6317
6320
6327
6309
6311
6305
6313
6323
6326
6311
6312
6314
6324
6311
6316
6310
6312
6324
6329
6313
6321
6313
6316
6319
6315
6317
6320
6337
6320
6321
6327
6318
6324
6319
6326
6320
6326
6334
6337
6325
6331
6324
6327
6334
6340
6345
6330
6331
6338
6328
6334
6330
6331
6335
6342
6334
6336
6332
6333
6345
6355
6337
6356
6338
6339
6340
6342
6337
6344
6338
6339
6344
6339
6345
6344
6340
6352
6342
6352
6342
6345
6351
6344
6346
6350
6354
6365
6349
6350
6355
6361
6351
6352
6354
6350
6357
6351
6363
6352
6362
6352
6357
6361
6364
6356
6360
6355
6361
6364
6370
6377
6361
6364
6371
6362
6367
6361
6363
6366
6371
6377
6368
6371
6367
6370
6367
6369
6371
6369
6374
6372
6373
6384
6390
6393
6379
6385
6389
6378
6379
6381
6377
6382
6385
6380
6381
6384
6381
6385
6401
6387
6402
6387
6389
6396
6400
6387
6393
6386
6389
6391
6401
6388
6391
6412
6392
6393
6408
6394
6401
6392
6394
6404
6394
6395
6403
6396
6401
6406
6397
6410
6417
6401
6404
6411
6416
6403
6408
6417
6421
6406
6425
6429
6410
6413
6407
6408
6414
6408
6409
6411
6409
6412
6414
6410
6421
6414
6420
6413
6419
6423
6431
6432
6419
6422
6424
6419
6430
6436
6422
6424
6420
6425
6434
6422
6423
6427
6423
6424
6433
6437
6427
6432
6426
6435
6434
6429
6432
6429
6439
6432
6433
6439
6445
6439
6441
6447
6442
6448
6452
6444
6445
6443
6451
6444
6445
6447
6443
6446
6448
6452
6459
6448
6452
6447
6448
6454
6450
6452
6455
6451
6452
6455
6458
6451
6468
6457
6458
6460
6457
6458
6471
6460
6464
6467
6459
6464
6473
6465
6467
6464
6468
6472
6465
6476
6466
6467
6468
6471
6466
6468
6484
6470
6477
6481
6474
6480
6483
6488
6477
6484
6487
6477
6479
6481
6479
6481
6490
6481
6490
6486
6487
6492
6501
6491
6495
6500
6492
6495
6498
6504
6498
6499
6501
6498
6499
6503
6500
6504
6506
6501
6502
6514
6504
6505
6511
6504
6507
6505
6507
6515
6508
6509
6512
6511
6512
6516
6513
6514
6525
6515
6524
6529
6518
6519
6531
6520
6522
6532
6541
6523
6525
6520
6522
6529
6521
6522
6527
6535
6523
6524
6535
6525
6526
6535
6530
6531
6532
6530
6532
6538
6533
6535
6544
6537
6540
6536
6537
6549
6538
6556
6562
6544
6546
6549
6563
6544
6549
6542
6543
6548
6542
6544
6541
6543
6550
6543
6544
6555
6546
6551
6554
6557
6559
6547
6552
6546
6547
6551
6547
6555
6561
6549
6556
6569
6552
6555
6568
6554
6555
6570
6565
6555
6566
6556
6560
6566
6569
6561
6574
6562
6563
6569
6561
6563
6570
6562
6576
6582
6565
6573
6565
6570
6564
6569
6575
6591
6570
6593
6573
6569
6583
6571
6573
6583
6589
6574
6576
6578
6572
6579
6574
6577
6580
6585
6589
6577
6579
6589
6580
6585
6588
6590
6581
6584
6581
6592
6583
6584
6589
6582
6583
6586
6584
6584
6588
6585
6586
6594
6590
6592
6594
6591
6590
6604
6594
6595
6611
6620
6599
6611
6616
6621
6601
6623
6603
6606
6599
6602
6605
6599
6604
6618
6622
6624
6605
6622
6605
6609
6605
6607
6608
6632
6612
6615
6609
6611
6608
6609
6611
6618
6622
6611
6618
6611
6619
6615
6622
6617
6618
6623
6632
6620
6621
6618
6620
6630
6632
6620
6623
6626
6624
6626
6632
6628
6632
6628
6635
6640
6629
6642
6644
6631
6636
6629
6631
6633
6631
6639
6645
6635
6637
6647
6636
6640
6642
6646
6641
6656
6665
6647
6666
6649
6654
6646
6652
6657
6650
6655
6651
6653
6651
6655
6658
6654
6655
6657
6659
6669
6658
6665
6657
6664
6657
6659
6670
6677
6661
6662
6675
6661
6662
6680
6666
6669
6664
6674
6680
6681
6694
6672
6696
6673
6675
6678
6692
6672
6678
6671
6680
6672
6678
6687
6675
6691
6699
6678
6681
6684
6677
6680
6684
6692
6680
6681
6690
6681
6691
6681
6683
6686
6694
6683
6697
6684
6686
6690
6684
6685
6693
6686
6687
6700
6706
6691
6698
6706
6708
6692
6693
6707
6694
6699
6695
6696
6698
6697
6698
6701
6716
6704
6708
6703
6707
6718
6705
6717
6705
6706
6710
6713
6715
6707
6713
6733
6711
6714
6708
6709
6718
6708
6713
6710
6715
6710
6713
6715
6719
6713
6720
6716
6719
6714
6715
6720
6716
6719
6721
6718
6726
6721
6722
6724
6721
6722
6728
6730
6735
6725
6726
6730
6727
6728
6735
6729
6730
6739
6731
6732
6741
6734
6735
6737
6733
6734
6755
6738
6742
6735
6741
6737
6738
6740
6738
6741
6744
6739
6748
6758
6746
6757
6761
6765
6749
6750
6760
6750
6752
6761
6752
6753
6759
6762
6753
6761
6765
6754
6760
6755
6756
6777
6762
6763
6765
6763
6768
6763
6764
6770
6772
6777
6766
6773
6775
6769
6776
6779
6770
6777
6780
6771
6778
6787
6773
6774
6770
6775
6773
6778
6781
6789
6791
6778
6782
6777
6787
6788
6779
6781
6777
6779
6777
6779
6792
6800
6804
6806
6784
6795
6782
6786
6783
6786
6784
6796
6806
6808
6816
6791
6804
6812
6818
6794
6795
6805
6794
6796
6792
6794
6800
6794
6802
6797
6803
6812
6800
6805
6807
6810
6800
6808
6811
6822
6805
6811
6803
6815
6806
6810
6829
6832
6814
6820
6812
6821
6828
6834
6819
6822
6816
6818
6842
6846
6825
6830
6834
6825
6828
6836
6826
6832
6825
6826
6837
6842
6830
6831
6833
6830
6831
6833
6832
6840
6836
6845
6849
6839
6844
6856
6841
6846
6848
6840
6843
6850
6841
6845
6849
6852
6857
6845
6846
6851
6845
6855
6848
6850
6855
6849
6851
6848
6849
6854
6858
6851
6854
6850
6853
6850
6856
6858
6866
6872
6855
6875
6878
6859
6864
6876
6858
6866
6871
6858
6862
6867
6858
6859
6862
6858
6865
6871
6862
6863
6867
6869
6863
6874
6864
6869
6863
6871
6875
6879
6866
6867
6875
6866
6869
6871
6866
6868
6866
6869
6871
6867
6872
6874
6869
6875
6878
6871
6876
6885
6891
6895
6877
6882
6875
6882
6875
6877
6880
6887
6878
6879
6884
6880
6886
6881
6914
6916
6890
6891
6899
6887
6888
6892
6899
6890
6892
6894
6891
6893
6898
6907
6893
6898
6893
6894
6898
6894
6908
6913
6919
6901
6903
6911
6902
6903
6907
6901
6903
6906
6902
6912
6904
6906
6910
6915
6908
6910
6912
6908
6907
6913
6918
6931
6937
6915
6916
6923
6914
6924
6914
6918
6913
6922
6925
6930
6941
6919
6920
6927
6918
6925
6918
6921
6925
6919
6926
6919
6923
6919
6920
6923
6920
6922
6923
6928
6925
6923
6927
6925
6927
6934
6937
6926
6929
6937
6945
6931
6932
6940
6933
6937
6934
6940
6935
6938
6935
6938
6940
6942
6946
6950
6939
6942
6938
6944
6939
6943
6945
6947
6941
6947
6956
6947
6960
6950
6948
6959
6950
6957
6961
6952
6961
6963
6972
6956
6957
6966
6956
6957
6979
6960
6970
6974
6960
6961
6965
6958
6966
6970
6959
6961
6958
6980
6983
6964
6967
6983
6988
6966
6967
6973
6968
6972
6974
6968
6971
6975
6968
6969
6976
6982
6971
6972
6975
6970
6986
6974
6975
6989
6992
6977
6981
6975
6976
6979
6975
6977
6984
6988
6979
6983
6978
6984
6979
6980
6984
6979
6980
6988
6980
6984
6992
6997
6985
6992
6985
6989
6992
6995
6986
6990
6992
6986
6991
6994
6987
6988
6991
6997
6988
6993
6989
6997
7022
7025
6998
7004
6994
6995
6999
6995
6996
7000
7004
6997
7004
7006
6999
7000
7007
7002
7005
7001
7010
7014
7005
7010
7004
7033
7039
7041
7013
7021
7023
7012
7013
7017
7011
7012
7021
7024
7013
7022
7033
7018
7022
7016
7020
7016
7018
7015
7019
7021
7018
7021
7024
7021
7023
7026
7022
7029
7034
7041
7053
7032
7033
7036
7030
7033
7036
7030
7038
7032
7033
7036
7033
7049
7051
7063
7038
7047
7050
7064
7043
7044
7049
7040
7041
7044
7039
7047
7042
7043
7048
7043
7049
7051
7053
7046
7062
7047
7050
7052
7047
7048
7057
7052
7056
7060
7054
7064
7054
7056
7053
7059
7062
7067
7071
7080
7058
7059
7068
7057
7058
7072
7061
7063
7065
7062
7063
7067
7063
7069
7063
7064
7068
7066
7074
7070
7078
7081
7072
7073
7075
7083
7075
7076
7078
7074
7075
7094
7097
7081
7089
7093
7082
7094
7083
7084
7088
7082
7091
7093
7084
7094
7100
7087
7091
7094
7103
7090
7091
7094
7088
7089
7098
7089
7090
7096
7090
7093
7090
7100
7091
7099
7104
7093
7094
7107
7097
7100
7109
7097
7107
7112
7100
7101
7120
7122
7106
7116
7107
7115
7120
7107
7110
7114
7123
7111
7112
7118
7110
7128
7135
7115
7122
7115
7118
7120
7114
7117
7119
7117
7130
7132
7134
7122
7130
7140
7123
7124
7128
7131
7123
7126
7123
7124
7126
7124
7125
7134
7127
7128
7135
7127
7131
7151
7154
7131
7148
7150
7135
7136
7139
7133
7135
7132
7134
7132
7133
7136
7146
7138
7141
7149
7152
7142
7143
7145
7140
7143
7140
7147
7141
7146
7151
7142
7151
7159
7174
7176
7150
7163
7149
7151
7154
7149
7150
7152
7149
7153
7150
7156
7158
7152
7153
7155
7152
7157
7164
7154
7161
7168
7172
7182
7160
7165
7156
7158
7160
7155
7160
7168
7174
7162
7166
7161
7163
7160
7163
7179
7185
7201
7169
7170
7172
7165
7168
7176
7167
7168
7170
7166
7171
7167
7183
7186
7172
7174
7181
7172
7173
7184
7186
7178
7179
7186
7178
7182
7178
7179
7181
7179
7181
7185
7180
7183
7186
7198
7183
7191
7193
7184
7185
7196
7186
7190
7186
7187
7189
7186
7187
7190
7186
7195
7203
7200
7203
7210
7204
7210
7204
7209
7204
7206
7212
7214
7225
7211
7213
7215
7209
7211
7217
7212
7214
7221
7213
7216
7219
7213
7219
7214
7224
7229
7231
7217
7222
7225
7217
7225
7217
7219
7224
7228
7222
7224
7221
7222
7225
7226
7235
7246
7252
7235
7238
7247
7235
7236
7239
7233
7235
7237
7233
7241
7237
7244
7247
7260
7262
7245
7246
7250
7242
7245
7241
7247
7256
7260
7246
7247
7249
7244
7251
7259
7248
7250
7246
7252
7247
7248
7251
7255
7248
7249
7269
7255
7257
7253
7254
7261
7268
7258
7260
7262
7258
7263
7258
7260
7264
7260
7261
7263
7261
7266
7273
7276
7264
7269
7263
7266
7268
7276
7282
7271
7273
7283
7272
7273
7282
7271
7281
7272
7274
7279
7274
7286
7289
7276
7280
7286
7276
7285
7276
7277
7287
7278
7280
7287
7279
7282
7286
7291
7279
7280
7293
7302
7286
7288
7297
7285
7291
7288
7291
7296
7300
7291
7296
7290
7294
7299
7291
7298
7311
7295
7296
7300
7293
7294
7296
7312
7296
7302
7307
7298
7299
7304
7300
7310
7305
7308
7311
7306
7314
7318
7321
7308
7309
7312
7308
7318
7323
7312
7315
7319
7312
7316
7312
7313
7317
7314
7319
7323
7341
7325
7329
7339
7324
7326
7322
7327
7341
7327
7328
7336
7326
7334
7338
7329
7333
7335
7328
7333
7328
7334
7335
7341
7346
7334
7343
7336
7339
7346
7337
7338
7341
7350
7341
7342
7355
7347
7351
7346
7347
7363
7374
7353
7363
7352
7355
7350
7354
7350
7353
7358
7363
7370
7384
7359
7364
7355
7356
7365
7358
7370
7374
7364
7365
7368
7373
7365
7369
7368
7370
7375
7370
7372
7376
7389
7376
7377
7382
7375
7378
7374
7379
7391
7378
7379
7386
7380
7391
7394
7398
7385
7392
7384
7385
7391
7394
7385
7387
7391
7384
7393
7385
7386
7398
7389
7398
7389
7391
7404
7391
7395
7401
7419
7395
7396
7399
7396
7397
7412
7400
7401
7404
7401
7403
7401
7403
7406
7415
7424
7408
7409
7421
7410
7413
7409
7416
7409
7418
7420
7413
7416
7417
7412
7416
7424
7427
7429
7417
7429
7422
7426
7421
7422
7426
7436
7442
7426
7429
7423
7432
7437
7429
7430
7436
7429
7430
7432
7428
7432
7429
7431
7443
7445
7434
7435
7442
7435
7437
7434
7435
7441
7452
7442
7445
7441
7446
7451
7453
7443
7447
7462
7482
7454
7463
7452
7453
7462
7454
7456
7452
7455
7459
7462
7464
7456
7470
7458
7461
7456
7468
7472
7476
7461
7473
7463
7468
7476
7479
7464
7470
7490
7467
7471
7464
7465
7474
7493
7474
7482
7487
7474
7481
7483
7473
7474
7478
7472
7479
7484
7490
7478
7479
7491
7478
7495
7482
7486
7481
7483
7491
7482
7485
7491
7484
7485
7498
7485
7492
7494
7487
7488
7492
7504
7506
7493
7494
7505
7495
7497
7494
7495
7500
7495
7496
7509
7497
7498
7501
7503
7496
7497
7500
7498
7499
7517
7504
7508
7505
7507
7510
7507
7508
7511
7508
7515
7510
7514
7528
7531
7541
7516
7518
7512
7515
7512
7516
7514
7517
7519
7516
7521
7524
7531
7519
7522
7531
7541
7523
7524
7526
7532
7524
7525
7531
7529
7530
7536
7530
7537
7531
7535
7530
7532
7535
7530
7532
7536
7540
7557
7539
7541
7549
7538
7539
7541
7538
7539
7544
7543
7545
7543
7549
7544
7545
7550
7553
7547
7552
7556
7561
7551
7553
7555
7550
7553
7550
7555
7565
7552
7553
7558
7553
7555
7559
7565
7556
7557
7559
7556
7557
7563
7558
7565
7576
7563
7564
7569
7562
7564
7561
7563
7567
7562
7565
7561
7565
7570
7565
7566
7569
7572
7574
7565
7567
7571
7571
7575
7574
7582
7586
7578
7580
7593
7580
7581
7583
7579
7583
7601
7587
7593
7585
7586
7584
7590
7595
7608
7614
7594
7595
7605
7592
7598
7602
7604
7593
7602
7606
7595
7599
7611
7599
7603
7599
7600
7602
7598
7602
7608
7610
7601
7608
7610
7601
7606
7614
7603
7606
7616
7609
7612
7608
7611
7615
7610
7611
7617
7613
7617
7621
7613
7614
7619
7617
7618
7623
7625
7621
7623
7622
7623
7629
7623
7635
7644
7629
7631
7637
7630
7631
7638
7632
7640
7649
7651
7636
7638
7644
7635
7639
7648
7637
7638
7642
7636
7637
7640
7636
7637
7649
7638
7645
7638
7640
7647
7640
7643
7641
7646
7660
7646
7656
7658
7648
7651
7653
7648
7650
7647
7648
7661
7666
7655
7656
7666
7656
7663
7656
7658
7665
7667
7657
7660
7666
7671
7673
7661
7672
7665
7666
7669
7664
7666
7677
7669
7679
7684
7672
7677
7686
7672
7678
7671
7677
7679
7681
7672
7673
7678
7682
7674
7676
7683
7675
7683
7676
7677
7684
7676
7677
7680
7677
7682
7679
7685
7693
7683
7684
7686
7688
7682
7683
7692
7698
7685
7686
7689
7685
7689
7686
7688
7690
7687
7691
7699
7707
7692
7694
7697
7690
7691
7695
7693
7695
7693
7694
7698
7694
7695
7698
7694
7695
7715
7700
7712
7721
7730
7706
7707
7719
7705
7706
7711
7703
7706
7702
7705
7702
7705
7710
7716
7708
7711
7707
7709
7712
7719
7727
7713
7715
7723
7716
7717
7722
7717
7722
7717
7722
7717
7718
7723
7726
7730
7721
7724
7727
7721
7722
7728
7721
7727
7745
7729
7731
7726
7728
7731
7726
7734
7727
7730
7742
7748
7735
7737
7741
7736
7740
7736
7743
7746
7754
7741
7743
7746
7756
7745
7746
7750
7745
7746
7748
7745
7754
7747
7749
7754
7747
7753
7748
7752
7755
7749
7750
7753
7761
7767
7753
7754
7758
7753
7758
7753
7754
7759
7756
7757
7772
7776
7764
7767
7762
7764
7778
7765
7771
7766
7767
7778
7769
7771
7773
7769
7776
7779
7782
7800
7777
7778
7781
7775
7784
7776
7777
7779
7775
7780
7785
7788
7778
7779
7785
7779
7780
7789
7781
7782
7788
7781
7784
7781
7785
7781
7783
7794
7786
7787
7793
7787
7790
7792
7788
7789
7791
7789
7790
7793
7789
7790
7795
7804
7808
7794
7797
7792
7795
7792
7793
7797
7802
7796
7804
7798
7800
7805
7814
7801
7808
7814
7815
7804
7805
7805
7806
7809
7805
7809
7817
7823
7809
7810
7817
7810
7812
7814
7809
7813
7809
7820
7824
7830
7814
7818
7812
7824
7815
7823
7830
7835
7819
7821
7816
7818
7824
7827
7837
7823
7827
7821
7823
7820
7823
7826
7821
7825
7839
7846
7852
7830
7831
7841
7829
7841
7844
7832
7833
7840
7831
7835
7848
7836
7837
7843
7836
7837
7842
7839
7840
7842
7839
7840
7846
7843
7844
7850
7843
7849
7843
7844
7846
7844
7848
7869
7850
7852
7847
7852
7854
7858
7849
7850
7859
7870
7853
7856
7851
7857
7851
7858
7865
7854
7859
7860
7864
7875
7858
7865
7856
7865
7885
7863
7886
7867
7869
7860
7868
7860
7868
7860
7862
7871
7861
7862
7867
7886
7893
7869
7872
7864
7865
7885
7868
7873
7878
7867
7869
7866
7867
7869
7867
7879
7869
7870
7873
7875
7886
7891
7874
7881
7872
7873
7876
7871
7875
7872
7878
7880
7882
7876
7879
7877
7879
7884
7879
7881
7886
7884
7880
7882
7900
7907
7886
7889
7883
7886
7897
7885
7893
7898
7903
7888
7892
7886
7898
7888
7892
7896
7900
7903
7892
7895
7891
7900
7892
7898
7892
7893
7898
7900
7906
7919
7897
7898
7902
7897
7905
7897
7903
7897
7900
7909
7913
7901
7904
7899
7900
7938
7948
7910
7911
7930
7947
7914
7920
7911
7912
7916
7913
7915
7917
7915
7919
7916
7917
7920
7919
7921
7919
7925
7927
7931
7934
7924
7925
7928
7923
7935
7938
7940
7928
7929
7939
7928
7931
7936
7928
7938
7930
7940
7947
7954
7938
7942
7935
7937
7946
7941
7950
7941
7943
7947
7949
7941
7945
7942
7946
7943
7946
7951
7945
7948
7951
7946
7947
7954
7963
7966
7980
7956
7963
7965
7957
7958
7968
7958
7959
7964
7957
7961
7964
7959
7969
7973
7962
7969
7961
7965
7970
7975
7963
7964
7967
7962
7966
7962
7969
7964
7966
7970
7965
7968
7974
7978
7967
7969
7972
7979
7968
7970
7988
7974
7975
7983
7974
7975
7979
7974
7978
7975
7983
7978
7979
7987
7981
7984
7982
7990
7993
8001
8009
7992
7993
8005
7992
8002
7992
7999
8004
8006
7994
8013
8015
8020
8001
8002
8017
8001
8002
8005
7999
8002
7998
8001
8008
8002
8004
8007
8015
8004
8005
8011
8003
8008
8003
8012
8017
8007
8011
8017
8026
8009
8013
8008
8011
8008
8009
8022
8011
8013
8026
8038
8043
8021
8022
8027
8019
8021
8037
8023
8024
8026
8020
8027
8029
8021
8023
8020
8027
8021
8023
8033
8044
8046
8028
8033
8026
8029
8025
8026
8036
8038
8029
8031
8028
8032
8028
8029
8038
8042
8039
8048
8034
8035
8041
8033
8034
8037
8032
8034
8042
8036
8040
8037
8043
8049
8044
8049
8044
8054
8056
8047
8054
8057
8061
8048
8049
8055
8050
8052
8058
8051
8056
8051
8057
8064
8054
8055
8062
8054
8057
8066
8083
8063
8064
8072
8079
8062
8064
8059
8060
8067
8061
8066
8062
8064
8072
8074
8089
8072
8073
8080
8070
8074
8070
8074
8070
8075
8070
8075
8076
8080
8075
8076
8081
8084
8088
8077
8079
8088
8078
8082
8078
8086
8099
8106
8086
8087
8090
8086
8087
8102
8091
8092
8097
8090
8091
8097
8090
8096
8092
8100
8102
8093
8101
8103
8095
8105
8097
8099
8101
8104
8113
8104
8109
8104
8105
8119
8107
8109
8112
8106
8112
8120
8109
8111
8107
8111
8107
8110
8115
8109
8116
8121
8124
8112
8113
8119
8116
8117
8122
8131
8120
8126
8119
8125
8130
8120
8125
8129
8139
8151
8127
8128
8122
8125
8127
8124
8129
8131
8125
8138
8154
8155
8130
8146
8152
8133
8138
8130
8131
8140
8132
8134
8138
8148
8136
8146
8152
8137
8148
8138
8139
8147
8139
8143
8145
8139
8141
8146
8148
8141
8143
8140
8142
8150
8142
8150
8142
8144
8149
8155
8164
8157
8146
8156
8146
8147
8147
8150
8155
8146
8148
8145
8151
8158
8161
8150
8151
8162
8152
8155
8150
8159
8168
8172
8176
8156
8168
8186
8162
8169
8158
8162
8157
8163
8173
8179
8162
8180
8166
8160
8162
8165
8162
8166
8170
8164
8171
8175
8166
8169
8167
8169
8173
8174
8180
8170
8176
8171
8172
8170
8178
8180
8186
8176
8178
8180
8176
8185
8186
8202
8182
8185
8188
8179
8181
8190
8182
8184
8181
8182
8188
8182
8193
8196
8186
8191
8194
8185
8186
8196
8201
8191
8194
8204
8193
8205
8193
8195
8198
8192
8194
8209
8201
8204
8200
8201
8207
8216
8221
8207
8208
8204
8207
8212
8218
8209
8215
8208
8209
8218
8209
8219
8217
8211
8215
8217
8222
8213
8216
8231
8216
8228
8217
8218
8225
8217
8220
8233
8219
8220
8222
8217
8221
8217
8219
8222
8227
8223
8227
8223
8226
8229
8224
8225
8228
8226
8229
8245
8230
8245
8246
8234
8235
8239
8253
8238
8241
8243
8236
8237
8241
8250
8239
8242
8238
8245
8241
8244
8241
8242
8245
8242
8243
8247
8257
8245
8249
8245
8247
8249
8251
8253
8260
8249
8251
8248
8251
8256
8250
8252
8261
8252
8255
8250
8252
8264
8270
8257
8272
8257
8271
8270
8272
8259
8262
8257
8259
8271
8261
8266
8260
8264
8267
8273
8278
8280
8265
8276
8284
8269
8273
8277
8270
8271
8277
8270
8277
8280
8273
8274
8281
8274
8288
8291
8277
8278
8280
8275
8278
8281
8277
8278
8283
8280
8290
8282
8285
8281
8289
8283
8284
8300
8309
8287
8288
8290
8294
8301
8289
8291
8294
8287
8294
8297
8295
8296
8299
8295
8297
8295
8302
8305
8298
8301
8307
8315
8302
8304
8307
8301
8303
8306
8301
8302
8307
8301
8302
8310
8303
8309
8305
8307
8312
8315
8308
8311
8307
8309
8318
8312
8314
8320
8324
8319
8326
8337
8322
8326
8320
8322
8326
8321
8324
8329
8323
8329
8323
8325
8331
8325
8335
8327
8325
8328
8334
8342
8329
8335
8337
8329
8331
8337
8332
8333
8339
8335
8340
8337
8345
8338
8339
8342
8339
8352
8342
8344
8341
8343
8347
8341
8344
8347
8350
8344
8348
8358
8347
8351
8355
8346
8347
8351
8347
8356
8352
8357
8357
8363
8359
8359
8358
8356
8360
8366
8376
8362
8364
8373
8363
8372
8370
8376
8372
8374
8382
8374
8384
8388
8385
8392
8376
8378
8388
8380
8387
8382
8383
8387
8382
8389
8383
8385
8387
8389
8383
8391
8394
8387
8397
8412
8393
8397
8400
8391
8394
8390
8392
8390
8393
8396
8407
8396
8399
8404
8396
8405
8405
8425
8429
8405
8408
8410
8403
8404
8410
8404
8405
8403
8407
8404
8405
8409
8404
8406
8408
8410
8405
8409
8413
8426
8413
8416
8411
8419
8423
8413
8414
8416
8412
8413
8416
8420
8415
8416
8419
8415
8416
8423
8416
8417
8421
8416
8419
8422
8419
8420
8423
8422
8423
8427
8424
8428
8424
8433
8426
8445
8429
8430
8432
8435
8428
8429
8435
8438
8450
8433
8444
8459
8437
8439
8444
8437
8440
8436
8440
8436
8437
8441
8439
8440
8444
8448
8451
8442
8448
8441
8442
8450
8442
8448
8456
8445
8446
8450
8459
8447
8448
8454
8448
8454
8462
8451
8469
8454
8464
8454
8460
8453
8455
8468
8470
8475
8480
8459
8463
8457
8459
8456
8457
8461
8458
8470
8460
8464
8463
8464
8466
8467
8468
8470
8472
8469
8483
8486
8475
8476
8481
8474
8482
8491
8480
8482
8484
8479
8481
8487
8480
8491
8501
8485
8490
8502
8485
8487
8504
8487
8494
8486
8490
8486
8490
8494
8486
8487
8490
8487
8500
8491
8492
8500
8504
8495
8498
8500
8494
8495
8500
8509
8499
8506
8499
8504
8506
8500
8501
8503
8501
8503
8501
8505
8515
8505
8506
8510
8518
8509
8510
8514
8509
8511
8529
8535
8515
8516
8524
8514
8516
8520
8539
8518
8519
8527
8518
8521
8517
8530
8519
8523
8526
8520
8521
8523
8522
8528
8523
8524
8529
8535
8545
8530
8533
8539
8530
8536
8539
8532
8533
8536
8532
8533
8536
8533
8539
8534
8540
8541
8548
8539
8541
8543
8548
8540
8541
8546
8540
8546
8548
8543
8552
8545
8546
8560
8565
8548
8550
8546
8551
8548
8558
8561
8550
8551
8556
8568
8571
8553
8556
8550
8552
8556
8550
8557
8565
8570
8554
8555
8559
8554
8561
8564
8557
8562
8569
8564
8571
8564
8571
8574
8567
8571
8566
8573
8567
8585
8593
8597
8574
8582
8588
8601
8577
8583
8576
8580
8575
8579
8590
8579
8580
8584
8581
8584
8589
8583
8584
8588
8592
8602
8591
8595
8590
8596
8603
8597
8598
8603
8597
8603
8613
8601
8607
8613
8616
8603
8617
8625
8606
8617
8635
8611
8618
8608
8610
8620
8633
8613
8616
8619
8613
8615
8613
8614
8622
8626
8615
8622
8632
8619
8620
8627
8620
8621
8623
8620
8621
8625
8621
8625
8625
8626
8632
8637
8630
8631
8634
8633
8635
8644
8636
8638
8641
8638
8647
8653
8641
8643
8649
8641
8642
8649
8642
8649
8652
8654
8645
8649
8644
8647
8650
8644
8646
8659
8647
8649
8645
8649
8651
8646
8650
8677
8681
8687
8655
8666
8669
8654
8662
8655
8657
8660
8654
8658
8654
8662
8668
8676
8665
8672
8664
8669
8674
8679
8667
8668
8671
8673
8665
8668
8664
8668
8665
8666
8669
8674
8683
8671
8678
8670
8671
8676
8691
8676
8681
8674
8677
8680
8675
8680
8675
8686
8690
8692
8681
8682
8685
8680
8684
8680
8686
8689
8681
8698
8704
8713
8688
8689
8692
8694
8689
8695
8689
8697
8690
8691
8701
8706
8712
8696
8697
8700
8695
8710
8701
8702
8707
8701
8702
8707
8701
8705
8715
8704
8705
8712
8704
8705
8709
8705
8710
8708
8712
8716
8720
8710
8711
8715
8725
8713
8715
8711
8718
8724
8714
8725
8715
8721
8732
8719
8722
8724
8717
8719
8725
8728
8724
8725
8729
8731
8725
8736
8726
8735
8727
8731
8728
8729
8732
8737
8742
8746
8737
8743
8737
8740
8737
8738
8752
8754
8757
8742
8744
8752
8742
8753
8744
8745
8750
8744
8758
8746
8747
8751
8754
8760
8747
8748
8752
8751
8755
8751
8752
8756
8765
8756
8759
8755
8773
8758
8760
8756
8765
8770
8773
8782
8761
8767
8759
8764
8760
8762
8764
8768
8780
8765
8768
8763
8771
8778
8785
8790
8770
8771
8775
8768
8771
8779
8771
8773
8770
8773
8770
8771
8778
8771
8776
8780
8783
8775
8777
8780
8776
8779
8789
8780
8781
8785
8793
8782
8783
8786
8782
8788
8784
8785
8788
8784
8785
8790
8785
8786
8792
8787
8788
8791
8794
8788
8793
8788
8803
8815
8794
8795
8798
8791
8792
8797
8795
8801
8800
8795
8804
8799
8805
8808
8801
8803
8807
8803
8805
8820
8806
8811
8815
8807
8809
8811
8807
8809
8811
8814
8817
8809
8822
8811
8813
8815
8809
8816
8818
8811
8812
8814
8811
8818
8829
8818
8819
8822
8825
8821
8824
8821
8822
8830
8822
8823
8833
8825
8839
8841
8827
8828
8834
8828
8829
8833
8837
8830
8836
8830
8831
8833
8836
8833
8838
8833
8843
8845
8839
8845
8840
8847
8849
8855
8857
8843
8848
8841
8847
8850
8843
8847
8844
8847
8853
8849
8859
8865
8851
8852
8856
8860
8852
8854
8866
8855
8856
8858
8854
8857
8861
8868
8859
8860
8875
8862
8863
8867
8861
8864
8860
8861
8866
8860
8870
8864
8867
8869
8876
8866
8870
8889
8871
8879
8888
8892
8873
8876
8878
8872
8874
8871
8879
8873
8879
8891
8879
8884
8877
8879
8883
8890
8895
8882
8891
8895
8882
8883
8885
8897
8885
8887
8883
8885
8882
8883
8889
8886
8887
8900
8889
8892
8895
8911
8925
8898
8901
8894
8897
8893
8896
8904
8907
8895
8910
8898
8900
8906
8909
8898
8904
8906
8899
8906
8900
8901
8906
8911
8925
8909
8911
8922
8912
8921
8912
8915
8919
8911
8912
8915
8911
8912
8922
8916
8918
8926
8928
8919
8920
8925
8919
8920
8923
8919
8920
8923
8920
8921
8931
8925
8926
8929
8925
8927
8924
8931
8934
8927
8936
8927
8936
8943
8947
8932
8933
8937
8930
8931
8933
8931
8932
8934
8932
8933
8937
8935
8946
8951
8940
8949
8940
8942
8944
8961
8965
8946
8950
8945
8946
8950
8954
8949
8955
8949
8950
8959
8969
8957
8960
8955
8961
8965
8957
8961
8957
8959
8961
8965
8959
8960
8965
8970
8962
8967
8962
8964
8967
8963
8965
8967
8975
8966
8972
8965
8969
8976
8966
8967
8971
8965
8966
8976
8968
8970
8979
8969
8977
8981
8970
8973
8980
8972
8986
8975
8976
8984
8987
8975
8979
8975
8980
8988
8993
8978
8981
8985
8993
8979
8981
8977
8978
8986
8978
8984
8978
8980
8983
8979
8981
8986
8982
8988
8993
8983
8984
8996
9001
8987
8988
8993
9010
8991
8993
9002
8991
8992
8989
8997
9001
8991
8992
8994
8990
8995
8991
8992
8996
8994
9001
9004
9010
9015
9001
9002
9011
9002
9004
9001
9007
9001
9013
9015
9004
9005
9011
9013
9008
9012
9008
9009
9012
9020
9012
9016
9011
9015
9018
9013
9016
9021
9026
9017
9018
9021
9035
9022
9023
9025
9021
9022
9030
9024
9025
9032
9026
9028
9025
9026
9039
9047
9032
9034
9041
9031
9035
9032
9036
9038
9034
9035
9038
9034
9036
9048
9052
9038
9039
9048
9039
9043
9039
9041
9039
9042
9046
9049
9043
9044
9047
9042
9043
9050
9059
9046
9053
9047
9060
9062
9064
9051
9052
9058
9052
9062
9056
9057
9063
9058
9060
9062
9059
9061
9058
9060
9058
9069
9071
9081
9064
9068
9062
9064
9077
9065
9066
9071
9080
9067
9069
9076
9081
9071
9086
9073
9075
9079
9082
9085
9073
9074
9102
9079
9080
9082
9075
9081
9092
9079
9081
9085
9077
9091
9081
9083
9086
9080
9089
9095
9083
9086
9089
9083
9088
9091
9085
9089
9097
9089
9091
9109
9094
9098
9092
9095
9103
9094
9095
9099
9109
9096
9097
9126
9107
9116
9118
9105
9107
9103
9105
9108
9110
9108
9123
9111
9114
9118
9127
9114
9132
9135
9119
9133
9119
9120
9124
9120
9121
9125
9121
9122
9133
9136
9125
9127
9129
9123
9124
9128
9134
9125
9127
9132
9128
9143
9145
9133
9135
9146
9133
9136
9131
9135
9131
9139
9141
9143
9151
9136
9142
9136
9142
9136
9139
9156
9141
9148
9150
9140
9141
9144
9140
9145
9153
9142
9150
9152
9144
9145
9153
9157
9145
9152
9157
9162
9151
9154
9149
9150
9152
9149
9150
9152
9149
9151
9158
9152
9153
9157
9154
9160
9168
9157
9159
9164
9158
9161
9171
9179
9164
9167
9170
9165
9167
9164
9165
9171
9165
9167
9176
9167
9168
9175
9169
9172
9168
9169
9181
9183
9170
9171
9179
9170
9176
9171
9172
9174
9176
9173
9179
9185
9177
9178
9181
9186
9177
9182
9178
9196
9206
9185
9188
9181
9183
9187
9182
9185
9191
9184
9189
9198
9187
9192
9186
9189
9195
9202
9190
9199
9202
9211
9193
9194
9200
9192
9194
9198
9192
9201
9204
9211
9195
9198
9206
9196
9209
9198
9199
9206
9197
9205
9198
9204
9207
9210
9200
9207
9209
9200
9201
9205
9201
9209
9215
9204
9205
9208
9213
9208
9211
9207
9213
9229
9215
9217
9219
9223
9214
9217
9226
9216
9224
9231
9219
9220
9224
9219
9239
9224
9227
9222
9229
9222
9226
9228
9234
9252
9231
9234
9227
9231
9235
9237
9243
9232
9239
9231
9236
9241
9231
9238
9249
9261
9241
9242
9247
9239
9240
9243
9241
9242
9244
9242
9246
9242
9244
9247
9243
9244
9258
9247
9248
9253
9247
9249
9264
9250
9252
9247
9248
9250
9248
9252
9256
9250
9252
9255
9250
9259
9262
9252
9258
9263
9273
9280
9259
9265
9258
9270
9273
9275
9260
9265
9259
9271
9274
9263
9278
9282
9270
9271
9275
9279
9271
9276
9271
9274
9270
9278
9283
9291
9275
9278
9283
9274
9275
9286
9277
9285
9277
9282
9284
9294
9280
9283
9287
9280
9281
9288
9292
9283
9285
9287
9282
9283
9297
9288
9289
9292
9288
9289
9295
9289
9291
9295
9290
9293
9289
9293
9289
9290
9294
9290
9295
9298
9304
9292
9295
9291
9292
9295
9297
9293
9295
9299
9294
9295
9298
9296
9297
9308
9298
9301
9299
9300
9306
9303
9312
9308
9315
9326
9311
9312
9316
9323
9312
9313
9317
9312
9314
9325
9327
9316
9319
9321
9315
9316
9321
9325
9319
9321
9328
9321
9326
9322
9331
9325
9326
9336
9329
9333
9328
9329
9338
9347
9333
9334
9338
9343
9361
9340
9341
9346
9338
9343
9338
9350
9339
9342
9337
9339
9354
9358
9361
9377
9347
9379
9347
9348
9355
9363
9346
9347
9352
9345
9346
9348
9344
9370
9350
9356
9363
9352
9357
9351
9354
9363
9355
9360
9363
9355
9358
9360
9355
9359
9365
9372
9375
9361
9366
9359
9366
9362
9364
9362
9373
9364
9368
9364
9366
9376
9382
9369
9372
9367
9368
9371
9367
9368
9372
9377
9371
9372
9378
9382
9373
9382
9373
9380
9374
9375
9382
9385
9378
9381
9392
9380
9385
9395
9382
9383
9386
9391
9382
9385
9382
9383
9387
9385
9386
9388
9385
9386
9391
9394
9388
9394
9389
9391
9389
9393
9407
9413
9396
9397
9407
9418
9398
9399
9402
9396
9397
9401
9395
9407
9411
9401
9404
9399
9402
9399
9400
9403
9400
9401
9404
9407
9412
9402
9404
9406
9404
9417
9408
9412
9407
9409
9414
9408
9409
9414
9408
9412
9410
9412
9414
9417
9423
9413
9414
9417
9420
9414
9415
9421
9418
9426
9420
9421
9428
9422
9425
9422
9423
9437
9425
9434
9437
9425
9426
9428
9424
9425
9430
9426
9436
9431
9433
9439
9443
9433
9435
9441
9435
9438
9447
9459
9462
9441
9447
9438
9442
9439
9445
9448
9441
9445
9447
9451
9455
9444
9448
9463
9448
9451
9446
9447
9459
9448
9449
9453
9463
9449
9452
9447
9448
9457
9449
9453
9459
9449
9455
9467
9473
9455
9456
9459
9453
9459
9454
9458
9461
9470
9457
9463
9465
9457
9458
9463
9458
9459
9461
9458
9460
9462
9459
9469
9461
9462
9465
9462
9480
9467
9468
9476
9467
9469
9474
9477
9493
9473
9477
9470
9473
9476
9470
9471
9474
9471
9482
9487
9504
9480
9481
9486
9476
9477
9481
9479
9481
9487
9481
9482
9489
9482
9498
9485
9492
9499
9502
9487
9488
9493
9486
9489
9492
9487
9495
9497
9488
9489
9498
9491
9495
9492
9495
9492
9494
9499
9502
9494
9510
9497
9498
9502
9498
9500
9503
9498
9499
9505
9509
9502
9505
9510
9515
9503
9508
9503
9512
9504
9506
9512
9533
9536
9511
9516
9508
9510
9513
9511
9512
9517
9513
9514
9517
9520
9514
9515
9520
9514
9518
9514
9522
9530
9522
9533
9536
9543
9526
9527
9532
9525
9528
9524
9530
9537
9528
9529
9539
9530
9534
9529
9534
9547
9552
9536
9538
9540
9537
9543
9546
9540
9542
9544
9540
9544
9544
9540
9541
9543
9541
9545
9548
9545
9549
9553
9559
9547
9554
9548
9550
9556
9549
9554
9564
9553
9557
9559
9554
9556
9562
9555
9557
9560
9557
9560
9557
9558
9560
9558
9560
9574
9561
9562
9573
9561
9562
9567
9581
9566
9567
9571
9564
9565
9567
9576
9568
9569
9582
9572
9573
9579
9573
9579
9573
9577
9573
9575
9584
9588
9575
9577
9589
9581
9587
9581
9592
9582
9583
9587
9582
9583
9591
9596
9600
9589
9593
9597
9590
9591
9598
9608
9593
9594
9606
9594
9605
9594
9595
9598
9594
9595
9601
9595
9603
9595
9609
9611
9600
9603
9605
9600
9605
9610
9602
9610
9612
9603
9606
9602
9603
9613
9605
9606
9608
9614
9606
9624
9626
9629
9611
9612
9628
9631
9615
9624
9615
9616
9620
9630
9621
9622
9633
9621
9626
9620
9625
9629
9621
9623
9630
9624
9625
9628
9633
9625
9631
9626
9627
9630
9632
9628
9630
9627
9628
9632
9628
9629
9636
9631
9635
9631
9632
9636
9654
9638
9647
9659
9639
9647
9641
9642
9645
9648
9643
9650
9658
9651
9654
9660
9651
9653
9650
9653
9660
9652
9653
9655
9652
9656
9661
9668
9659
9660
9672
9660
9666
9668
9660
9661
9672
9664
9668
9671
9664
9671
9667
9677
9689
9673
9680
9671
9679
9681
9684
9688
9693
9676
9679
9691
9678
9679
9689
9680
9681
9690
9682
9683
9686
9681
9683
9687
9682
9683
9693
9685
9694
9687
9690
9686
9691
9703
9689
9691
9693
9689
9693
9697
9701
9705
9693
9705
9695
9702
9706
9724
9704
9705
9709
9702
9705
9701
9704
9701
9706
9708
9710
9702
9703
9705
9702
9707
9710
9715
9707
9709
9713
9708
9715
9709
9710
9712
9715
9710
9712
9722
9712
9718
9712
9713
9719
9714
9716
9722
9725
9719
9720
9722
9720
9727
9721
9722
9726
9725
9727
9757
9734
9735
9738
9730
9744
9732
9734
9730
9740
9750
9754
9759
9736
9743
9753
9760
9738
9744
9735
9737
9742
9760
9740
9741
9747
9737
9738
9754
9739
9750
9740
9741
9744
9750
9742
9757
9760
9747
9749
9758
9752
9760
9772
9757
9758
9761
9754
9760
9756
9759
9756
9758
9756
9767
9769
9759
9762
9764
9759
9763
9765
9767
9763
9769
9779
9802
9772
9778
9783
9770
9772
9783
9771
9776
9781
9785
9778
9781
9777
9781
9785
9778
9782
9779
9783
9789
9791
9783
9785
9787
9791
9783
9784
9792
9786
9790
9787
9788
9790
9794
9790
9791
9797
9790
9791
9799
9792
9793
9796
9792
9793
9798
9793
9796
9793
9794
9797
9793
9794
9804
9795
9799
9801
9795
9796
9803
9808
9799
9811
9801
9805
9814
9820
9803
9805
9800
9816
9804
9806
9809
9815
9818
9809
9812
9815
9808
9815
9810
9812
9815
9810
9819
9828
9837
9816
9818
9820
9812
9813
9817
9813
9815
9826
9819
9823
9818
9824
9828
9820
9821
9823
9836
9822
9823
9829
9824
9826
9823
9825
9834
9850
9830
9832
9835
9828
9829
9838
9833
9834
9836
9832
9835
9837
9834
9837
9846
9838
9847
9839
9841
9853
9841
9850
9857
9843
9845
9853
9845
9847
9855
9865
9848
9857
9860
9847
9848
9850
9846
9847
9853
9849
9850
9856
9850
9852
9855
9850
9851
9860
9853
9866
9879
9858
9859
9866
9856
9863
9856
9857
9861
9868
9864
9871
9864
9865
9868
9865
9866
9870
9872
9868
9872
9869
9872
9875
9882
9874
9875
9882
9874
9875
9879
9874
9877
9880
9875
9885
9892
9879
9885
9891
9880
9882
9878
9883
9885
9887
9880
9882
9886
9880
9892
9894
9884
9889
9900
9887
9891
9885
9886
9894
9888
9889
9893
9898
9892
9894
9891
9893
9903
9905
9895
9899
9905
9897
9905
9907
9900
9902
9899
9906
9909
9901
9904
9909
9915
9903
9904
9908
9902
9913
9904
9905
9914
9918
9908
9909
9924
9911
9912
9918
9910
9915
9918
9911
9916
9921
9913
9916
9913
9915
9918
9926
9916
9917
9921
9916
9921
9925
9919
9920
9924
9921
9922
9936
9924
9925
9928
9924
9925
9929
9927
9937
9943
9932
9934
9941
9933
9936
9938
9935
9936
9942
9937
9947
9956
9941
9942
9950
9942
9961
9968
9946
9947
9952
9943
9944
9951
9945
9948
9953
9947
9955
9964
9951
9953
9964
9952
9959
9967
9954
9955
9959
9954
9959
9967
9957
9959
9962
9957
9961
9965
9958
9959
9961
9960
9961
9964
9962
9968
9976
9965
9966
9968
9965
9966
9971
9967
9970
9976
9969
9970
9975
9971
9972
9974
9972
9980
9987
9976
9982
9987
9976
9977
9979
9978
9979
9982
9979
9982
9990
9982
9987
9990
9985
9993
10001
9988
9989
10003
9990
9992
9995
9989
9998
10002
9991
9993
9999
9993
9996
10004
9997
9999
makefile:21: recipe for target 'run' failed
