3
5
7
9
13
14
19
21
24
28
32
36
40
43
51
52
54
56
58
60
63
65
69
70
73
74
77
80
84
86
89
92
95
103
105
109
111
115
117
120
123
130
132
136
137
142
143
146
151
154
157
162
168
169
172
173
177
179
181
183
185
190
192
196
200
203
204
208
209
213
216
221
223
228
231
234
236
242
249
253
254
257
258
261
270
274
275
278
282
285
288
290
294
295
298
302
307
310
313
314
316
320
326
329
334
337
339
341
343
345
349
351
353
357
359
361
364
365
367
370
371
374
378
383
385
391
399
408
410
413
414
418
420
425
428
432
435
436
447
449
452
455
457
461
462
468
471
475
476
479
480
485
487
495
497
500
502
506
509
512
514
517
520
522
525
527
529
532
538
541
544
545
548
550
556
558
561
564
566
568
571
573
577
579
582
584
587
592
596
603
611
615
618
622
629
632
635
639
647
651
652
655
664
668
672
675
677
679
681
683
687
689
701
704
709
711
718
722
726
729
732
736
738
741
745
746
754
757
764
766
770
771
774
775
780
782
786
788
793
797
801
806
808
811
813
816
819
822
824
827
829
831
834
837
839
843
844
847
851
854
858
862
867
868
872
874
885
888
892
894
897
901
903
905
907
909
912
915
918
920
929
933
935
941
944
947
950
952
957
961
965
966
969
973
978
979
982
984
988
990
992
994
997
999
1004
1005
1010
1012
1016
1018
1022
1023
1028
1030
1037
1042
1046
1048
1052
1054
1059
1063
1068
1071
1074
1076
1078
1080
1084
1085
1088
1090
1092
1096
1097
1100
1104
1106
1110
1114
1123
1126
1128
1130
1132
1135
1138
1140
1143
1146
1158
1163
1167
1171
1173
1175
1178
1180
1184
1187
1193
1195
1197
1200
1202
1204
1208
1213
1214
1216
1221
1222
1224
1227
1229
1233
1234
1238
1239
1241
1244
1246
1248
1251
1254
1255
1261
1263
1272
1274
1280
1281
1285
1288
1292
1294
1299
1304
1306
1308
1311
1312
1317
1319
1326
1327
1330
1332
1336
1340
1343
1348
1353
1358
1361
1363
1366
1368
1374
1377
1381
1383
1385
1389
1391
1394
1397
1399
1403
1404
1407
1410
1414
1415
1417
1419
1421
1424
1427
1430
1433
1438
1441
1442
1449
1451
1454
1456
1465
1467
1470
1477
1482
1485
1490
1496
1497
1500
1502
1505
1506
1510
1512
1516
1518
1524
1525
1529
1530
1536
1538
1544
1547
1550
1554
1558
1559
1564
1566
1569
1571
1575
1576
1580
1584
1589
1591
1593
1595
1599
1601
1605
1606
1610
1612
1618
1620
1622
1627
1631
1633
1655
1656
1659
1661
1663
1666
1668
1679
1680
1691
1692
1696
1703
1707
1709
1714
1716
1718
1721
1723
1727
1729
1732
1735
1743
1745
1748
1750
1755
1756
1761
1763
1766
1771
1772
1775
1777
1781
1784
1787
1790
1791
1795
1796
1800
1802
1804
1806
1809
1811
1815
1819
1821
1826
1834
1838
1844
1846
1853
1855
1858
1862
1865
1867
1873
1877
1882
1883
1886
1887
1891
1894
1896
1898
1901
1902
1906
1907
1914
1918
1921
1923
1928
1929
1932
1935
1940
1944
1950
1951
1955
1960
1962
1964
1966
1969
1971
1975
1978
1983
1986
1989
1991
2002
2004
2010
2011
2014
2016
2019
2021
2024
2026
2034
2036
2038
2041
2047
2050
2052
2054
2057
2060
2064
2067
2069
2073
2076
2081
2087
2090
2096
2097
2100
2101
2104
2106
2109
2112
2129
2132
2136
2137
2141
2151
2156
2160
2168
2171
2173
2175
2178
2180
2183
2185
2189
2190
2193
2194
2199
2200
2203
2206
2209
2212
2220
2221
2223
2226
2228
2231
2233
2236
2239
2244
2246
2250
2252
2256
2258
2263
2266
2267
2272
2274
2278
2280
2284
2288
2290
2292
2294
2297
2298
2300
2302
2307
2308
2313
2315
2323
2325
2332
2333
2337
2342
2345
2347
2349
2351
2354
2355
2357
2359
2363
2365
2368
2370
2379
2380
2382
2385
2387
2399
2405
2410
2413
2417
2420
2425
2427
2429
2434
2435
2440
2442
2445
2446
2449
2451
2454
2455
2458
2460
2465
2470
2473
2476
2479
2481
2483
2485
2488
2491
2494
2496
2502
2504
2509
2511
2514
2516
2521
2525
2527
2529
2531
2533
2536
2538
2540
2543
2544
2554
2561
2562
2565
2567
2571
2573
2583
2584
2587
2591
2594
2596
2609
2611
2616
2618
2620
2624
2629
2631
2633
2636
2639
2641
2644
2650
2651
2655
2657
2661
2663
2670
2671
2675
2678
2681
2682
2685
2686
2693
2695
2698
2700
2703
2707
2708
2712
2714
2722
2724
2728
2731
2738
2744
2746
2751
2752
2755
2758
2760
2762
2765
2767
2769
2772
2775
2782
2784
2787
2791
2793
2795
2799
2802
2805
2809
2811
2814
2816
2819
2820
2823
2828
2832
2836
2838
2842
2843
2847
2848
2851
2853
2860
2862
2868
2870
2872
2876
2880
2889
2891
2894
2897
2900
2904
2917
2919
2921
2923
2925
2929
2931
2938
2940
2943
2958
2964
2965
2978
2980
2984
2986
2991
2992
2996
2998
3002
3004
3007
3009
3011
3013
3017
3019
3026
3027
3030
3031
3034
3035
3038
3040
3044
3048
3050
3053
3056
3067
3068
3070
3072
3085
3087
3090
3093
3095
3098
3100
3107
3112
3134
3135
3139
3141
3145
3147
3154
3155
3159
3160
3164
3165
3169
3170
3176
3177
3183
3185
3190
3192
3195
3197
3200
3204
3206
3211
3214
3217
3219
3223
3226
3229
3230
3233
3235
3239
3240
3246
3248
3250
3253
3256
3257
3263
3267
3270
3274
3277
3282
3284
3288
3292
3295
3298
3301
3304
3306
3309
3311
3315
3316
3320
3323
3324
3327
3328
3333
3335
3341
3342
3344
3346
3353
3355
3357
3360
3368
3370
3374
3375
3377
3379
3383
3385
3388
3389
3396
3398
3404
3405
3410
3412
3414
3418
3419
3422
3428
3432
3434
3436
3440
3443
3447
3449
3451
3454
3458
3461
3463
3466
3470
3477
3479
3481
3483
3485
3488
3497
3499
3501
3504
3506
3511
3514
3518
3523
3526
3530
3536
3541
3542
3546
3548
3554
3555
3563
3565
3570
3571
3578
3580
3586
3590
3592
3594
3596
3598
3600
3602
3606
3609
3614
3615
3618
3620
3622
3624
3627
3630
3632
3635
3638
3643
3645
3647
3649
3652
3653
3655
3657
3660
3662
3668
3670
3683
3684
3689
3693
3696
3698
3701
3704
3707
3710
3711
3714
3717
3722
3724
3726
3728
3730
3735
3740
3746
3747
3750
3753
3757
3758
3764
3765
3769
3770
3773
3775
3777
3779
3782
3784
3786
3789
3791
3796
3801
3804
3805
3807
3809
3812
3815
3816
3819
3824
3826
3828
3833
3834
3837
3840
3844
3849
3855
3857
3861
3866
3868
3874
3875
3884
3887
3888
3900
3904
3905
3907
3910
3924
3927
3928
3930
3932
3934
3937
3940
3948
3951
3954
3955
3962
3964
3969
3971
3974
3979
3982
3986
3992
3994
3997
4000
4001
4007
4009
4011
4013
4016
4017
4019
4022
4025
4029
4031
4034
4035
4037
4039
4042
4045
4046
4052
4057
4061
4063
4066
4070
4074
4075
4083
4084
4088
4090
4096
4097
4101
4105
4107
4110
4111
4114
4121
4123
4126
4129
4132
4134
4140
4143
4146
4147
4152
4153
4159
4161
4163
4169
4172
4179
4182
4183
4187
4189
4193
4194
4198
4202
4205
4208
4209
4212
4213
4221
4222
4227
4228
4230
4235
4243
4245
4247
4254
4258
4264
4267
4272
4276
4279
4280
4286
4288
4292
4294
4296
4298
4301
4304
4311
4313
4316
4318
4320
4322
4330
4335
4336
4338
4340
4344
4351
4357
4363
4365
4367
4371
4374
4379
4382
4385
4389
4396
4399
4401
4407
4408
4412
4416
4420
4422
4426
4428
4432
4434
4436
4438
4441
4442
4444
4446
4449
4451
4455
4456
4460
4462
4468
4470
4474
4478
4480
4485
4487
4491
4493
4499
4500
4503
4504
4509
4510
4514
4516
4519
4522
4525
4526
4533
4536
4540
4544
4551
4554
4557
4558
4562
4563
4567
4570
4572
4575
4577
4583
4584
4587
4591
4594
4596
4600
4601
4603
4605
4607
4616
4617
4620
4621
4625
4628
4629
4634
4635
4641
4642
4647
4650
4653
4655
4657
4659
4666
4667
4669
4672
4674
4677
4681
4683
4685
4691
4693
4695
4699
4702
4706
4709
4711
4713
4716
4721
4724
4727
4729
4731
4735
4739
4742
4745
4747
4749
4752
4754
4757
4760
4763
4766
4768
4770
4775
4777
4780
4783
4787
4789
4791
4795
4797
4801
4805
4807
4809
4811
4814
4816
4822
4825
4829
4832
4833
4835
4837
4839
4841
4848
4849
4851
4854
4856
4858
4862
4870
4874
4875
4880
4882
4888
4890
4893
4894
4897
4898
4901
4904
4908
4910
4915
4917
4920
4923
4927
4928
4941
4945
4950
4952
4955
4957
4960
4964
4970
4971
4979
4982
4984
4987
4988
4992
4998
5002
5004
5007
5010
5016
5017
5020
5021
5023
5026
5031
5033
5035
5037
5044
5047
5050
5051
5057
5058
5061
5064
5066
5072
5074
5076
5079
5081
5083
5089
5091
5094
5096
5099
5101
5104
5106
5108
5110
5114
5116
5118
5120
5123
5125
5131
5132
5135
5137
5141
5144
5148
5150
5163
5164
5168
5169
5174
5176
5179
5182
5184
5191
5193
5196
5199
5203
5207
5209
5212
5213
5221
5223
5226
5230
5235
5236
5239
5241
5243
5246
5252
5255
5258
5262
5264
5266
5269
5277
5281
5285
5288
5291
5293
5301
5302
5308
5311
5314
5315
5317
5319
5321
5324
5327
5329
5334
5335
5337
5339
5346
5347
5351
5352
5355
5363
5365
5368
5372
5374
5378
5381
5384
5388
5392
5393
5396
5398
5400
5402
5405
5409
5414
5417
5419
5422
5424
5427
5428
5430
5432
5437
5439
5443
5449
5456
5457
5461
5466
5470
5472
5477
5478
5483
5485
5489
5502
5508
5510
5512
5514
5516
5518
5522
5523
5527
5528
5531
5533
5536
5538
5542
5544
5546
5549
5550
5552
5554
5557
5559
5563
5565
5568
5570
5578
5579
5582
5585
5587
5589
5592
5595
5598
5601
5603
5606
5608
5611
5613
5617
5621
5624
5630
5634
5635
5639
5641
5643
5650
5652
5664
5666
5670
5671
5677
5679
5681
5683
5688
5690
5692
5694
5696
5699
5700
5703
5705
5709
5711
5714
5716
5724
5726
5728
5732
5733
5737
5739
5741
5743
5750
5752
5755
5756
5763
5764
5767
5771
5775
5778
5780
5783
5785
5789
5790
5793
5794
5800
5803
5810
5812
5814
5817
5819
5823
5826
5827
5830
5833
5837
5839
5842
5844
5846
5848
5851
5854
5857
5862
5864
5867
5869
5873
5876
5877
5882
5883
5886
5888
5893
5895
5898
5900
5903
5906
5909
5913
5916
5919
5922
5926
5934
5936
5939
5940
5945
5946
5949
5954
5957
5961
5965
5972
5975
5977
5980
5982
5985
5987
5992
5995
5998
6000
6002
6004
6008
6009
6014
6017
6024
6032
6034
6040
6041
6045
6046
6051
6052
6054
6059
6069
6072
6074
6078
6082
6083
6087
6089
6093
6094
6098
6103
6106
6111
6115
6116
6121
6123
6126
6134
6136
6139
6141
6143
6145
6148
6150
6152
6155
6156
6160
6161
6165
6166
6181
6184
6187
6188
6194
6196
6199
6201
6204
6206
6211
6215
6217
6219
6222
6223
6225
6227
6232
6239
6242
6243
6247
6249
6253
6254
6257
6259
6263
6270
6279
6281
6285
6287
6291
6294
6297
6300
6304
6307
6309
6312
6316
6322
6323
6328
6330
6332
6334
6336
6339
6340
6344
6346
6349
6352
6356
6360
6363
6365
6367
6372
6376
6380
6382
6385
6387
6393
6396
6399
6401
6403
6405
6408
6410
6412
6419
6420
6434
6435
6438
6447
6453
6455
6458
6460
6466
6467
6470
6473
6476
6480
6483
6485
6487
6490
6493
6494
6497
6499
6503
6505
6507
6509
6511
6513
6515
6518
6520
6523
6526
6529
6532
6536
6539
6541
6543
6545
6549
6550
6554
6555
6559
6561
6564
6566
6572
6574
6580
6581
6590
6591
6597
6599
6603
6607
6611
6612
6615
6616
6619
6622
6626
6629
6630
6635
6636
6640
6642
6644
6647
6649
6652
6656
6662
6664
6668
6669
6674
6675
6677
6679
6682
6685
6687
6693
6696
6704
6707
6709
6712
6715
6722
6727
6729
6732
6737
6740
6745
6748
6754
6757
6760
6763
6764
6767
6770
6772
6776
6780
6785
6787
6792
6794
6796
6798
6802
6803
6810
6821
6823
6826
6834
6836
6838
6841
6844
6846
6853
6854
6858
6861
6863
6866
6867
6869
6871
6873
6878
6880
6887
6888
6891
6893
6896
6897
6900
6902
6907
6910
6916
6918
6924
6926
6930
6932
6934
6936
6939
6943
6947
6949
6960
6963
6964
6970
6976
6978
6980
6983
6985
6991
6994
7003
7005
7007
7009
7011
7014
7016
7019
7023
7026
7027
7031
7033
7044
7050
7058
7062
7067
7068
7071
7074
7076
7078
7081
7083
7088
7090
7101
7102
7106
7110
7116
7118
7122
7124
7131
7132
7142
7144
7148
7151
7152
7156
7158
7161
7162
7166
7169
7179
7184
7189
7192
7195
7196
7199
7203
7208
7209
7211
7214
7218
7222
7224
7226
7228
7232
7235
7240
7241
7244
7246
7251
7254
7255
7257
7260
7262
7267
7269
7272
7278
7281
7284
7286
7288
7290
7293
7295
7299
7302
7304
7306
7309
7313
7315
7318
7319
7323
7325
7328
7330
7333
7338
7342
7345
7349
7351
7356
7358
7362
7364
7368
7371
7373
7376
7377
7379
7383
7384
7387
7391
7396
7400
7403
7406
7410
7413
7415
7419
7422
7427
7430
7433
7437
7438
7442
7445
7446
7450
7451
7460
7462
7464
7469
7474
7478
7479
7485
7486
7489
7491
7494
7496
7500
7505
7509
7510
7514
7516
7520
7522
7532
7534
7539
7544
7547
7548
7555
7557
7564
7565
7567
7569
7571
7574
7577
7584
7585
7587
7589
7592
7594
7596
7598
7602
7604
7606
7608
7611
7613
7616
7621
7624
7630
7632
7634
7639
7641
7643
7646
7647
7651
7652
7664
7666
7668
7670
7673
7674
7680
7682
7685
7687
7690
7691
7695
7696
7699
7700
7704
7706
7710
7713
7715
7721
7724
7727
7729
7731
7733
7735
7738
7739
7742
7744
7746
7748
7750
7755
7759
7763
7768
7770
7773
7774
7779
7782
7786
7788
7790
7792
7795
7797
7799
7801
7803
7805
7812
7814
7818
7819
7823
7825
7829
7831
7833
7836
7840
7842
7846
7849
7852
7855
7857
7864
7867
7872
7873
7876
7878
7881
7888
7891
7893
7897
7901
7905
7906
7910
7914
7918
7923
7927
7929
7931
7934
7937
7942
7944
7947
7949
7951
7954
7961
7964
7967
7969
7973
7976
7978
7981
7985
7987
7991
7992
7995
7998
7999
8002
8005
8008
8011
8017
8018
8024
8026
8034
8036
8038
8040
8044
8049
8054
8057
8061
8064
8065
8069
8071
8073
8076
8078
8081
8083
8088
8090
8094
8096
8100
8104
8108
8110
8115
8117
8125
8127
8131
8133
8136
8138
8144
8146
8149
8151
8153
8155
8158
8160
8164
8168
8171
8173
8175
8179
8182
8185
8187
8191
8196
8199
8202
8205
8209
8210
8217
8219
8221
8225
8229
8234
8235
8238
8242
8243
8251
8254
8257
8258
8260
8262
8264
8267
8268
8272
8273
8277
8279
8285
8290
8296
8298
8301
8303
8305
8310
8317
8321
8323
8325
8328
8334
8341
8345
8348
8355
8360
8364
8369
8371
8377
8378
8383
8385
8389
8393
8394
8398
8400
8402
8404
8406
8409
8412
8414
8417
8418
8420
8422
8426
8428
8431
8432
8436
8440
8442
8444
8448
8449
8455
8456
8461
8463
8466
8469
8471
8476
8478
8481
8484
8486
8489
8491
8493
8498
8500
8503
8510
8520
8523
8525
8528
8529
8531
8533
8537
8539
8542
8544
8547
8555
8556
8560
8561
8567
8569
8571
8573
8577
8581
8583
8585
8587
8589
8597
8598
8606
8607
8616
8618
8620
8623
8627
8629
8631
8633
8635
8638
8640
8642
8644
8648
8650
8655
8659
8664
8666
8668
8670
8676
8677
8680
8682
8686
8688
8695
8696
8700
8701
8705
8709
8710
8715
8720
8727
8729
8734
8737
8739
8743
8744
8748
8756
8759
8760
8764
8766
8768
8770
8772
8775
8782
8786
8788
8795
8796
8801
8803
8806
8808
8810
8816
8819
8820
8823
8824
8827
8828
8831
8835
8842
8846
8850
8851
8857
8858
8860
8863
8867
8868
8870
8872
8877
8878
8880
8883
8891
8893
8895
8903
8904
8906
8908
8911
8912
8915
8917
8920
8921
8924
8926
8928
8933
8935
8941
8945
8947
8949
8952
8954
8960
8961
8965
8967
8970
8975
8978
8983
8986
8991
8993
8995
8999
9001
9003
9009
9012
9015
9018
9019
9021
9023
9026
9027
9032
9033
9036
9041
9043
9045
9047
9056
9058
9064
9067
9069
9073
9075
9078
9080
9082
9089
9091
9096
9105
9109
9111
9116
9118
9123
9125
9130
9132
9134
9136
9139
9141
9143
9146
9148
9155
9157
9159
9164
9165
9168
9169
9172
9174
9177
9179
9185
9188
9192
9199
9205
9208
9212
9213
9221
9224
9226
9228
9232
9234
9238
9242
9243
9249
9253
9259
9261
9264
9270
9272
9274
9278
9279
9281
9284
9286
9292
9293
9297
9299
9301
9304
9305
9315
9316
9324
9327
9328
9335
9336
9339
9341
9343
9346
9351
9355
9358
9361
9363
9365
9369
9371
9378
9379
9383
9386
9387
9390
9392
9397
9399
9401
9405
9408
9411
9412
9419
9421
9426
9428
9430
9432
9435
9440
9446
9448
9451
9454
9460
9464
9468
9470
9475
9478
9479
9485
9486
9489
9492
9496
9498
9500
9504
9505
9511
9513
9515
9521
9523
9526
9529
9536
9537
9544
9545
9549
9550
9554
9557
9560
9568
9571
9573
9578
9579
9583
9586
9588
9596
9599
9602
9608
9610
9616
9617
9621
9622
9628
9633
9636
9641
9645
9647
9650
9652
9655
9658
9662
9664
9666
9673
9675
9680
9684
9686
9692
9694
9697
9699
9701
9704
9706
9709
9710
9714
9719
9723
9724
9732
9733
9737
9740
9741
9744
9747
9750
9752
9756
9759
9763
9766
9769
9771
9775
9779
9780
9784
9786
9788
9792
9794
9798
9801
9803
9807
9808
9810
9812
9818
9820
9827
9830
9832
9840
9841
9847
9849
9852
9853
9860
9862
9866
9868
9874
9876
9878
9881
9884
9886
9890
9891
9893
9895
9903
9904
9907
9910
9912
9916
9920
9923
9926
9928
9930
9934
9936
9939
9940
9947
9949
9953
9957
9960
9965
9968
9971
9973
9976
9978
9981
9987
9990
9993
9996
9997
10000
10002
10004
10008
10016
10019
10020
10032
10034
10037
10039
10046
10047
10049
10051
10056
10060
10063
10067
10070
10071
10075
10079
10088
10089
10093
10098
10102
10104
10107
10112
10116
10119
10120
10127
10129
10137
10140
10143
10144
10147
10150
10154
10156
10159
10165
10169
10171
10174
10175
10178
10181
10182
10184
10186
10190
10192
10195
10197
10200
10202
10206
10208
10215
10216
10219
10221
10223
10227
10228
10231
10233
10235
10240
10241
10244
10247
10252
10255
10257
10259
10266
10269
10274
10275
10280
10283
10286
10290
10292
10299
10301
10304
10306
10309
10312
10315
10317
10321
10323
10325
10327
10329
10331
10334
10337
10338
10341
10343
10347
10348
10351
10352
10356
10359
10363
10365
10371
10373
10376
10378
10381
10383
10387
10390
10396
10398
10401
10404
10408
10411
10417
10419
10426
10429
10436
10438
10441
10448
10451
10457
10460
10462
10464
10467
10470
10471
10476
10479
10483
10485
10488
10492
10496
10499
10501
10503
10506
10508
10510
10513
10514
10519
10521
10525
10528
10530
10534
10535
10540
10542
10544
10546
10550
10552
10555
10559
10561
10565
10570
10573
10576
10578
10582
10583
10585
10588
10591
10593
10597
10598
10601
10603
10605
10609
10614
10616
10618
10620
10623
10629
10631
10634
10636
10641
10644
10646
10649
10658
10662
10666
10669
10672
10674
10676
10678
10682
10685
10687
10691
10692
10698
10699
10704
10706
10718
10720
10730
10733
10740
10744
10747
10749
10751
10753
10760
10763
10768
10779
10781
10785
10788
10792
10793
10798
10800
10802
10804
10806
10808
10812
10814
10820
10821
10825
10827
10829
10834
10838
10844
10847
10850
10852
10855
10858
10865
10870
10872
10881
10882
10885
10888
10893
10895
10897
10900
10904
10905
10908
10910
10913
10914
10918
10919
10924
10925
10928
10929
10933
10934
10936
10938
10946
10950
10953
10954
10957
10960
10962
10964
10968
10973
10978
10980
10982
10987
10989
10992
10993
10997
10999
11002
11003
11007
11009
11011
11014
11015
11021
11023
11027
11029
11031
11035
11038
11042
11049
11052
11053
11058
11059
11062
11065
11067
11069
11073
11075
11077
11079
11084
11087
11090
11094
11096
11098
11100
11104
11109
11111
11114
11117
11125
11126
11130
11132
11140
11141
11149
11154
11159
11161
11164
11167
11171
11173
11175
11177
11181
11183
11186
11188
11192
11195
11199
11204
11207
11211
11213
11215
11218
11219
11224
11226
11232
11233
11235
11238
11241
11248
11258
11262
11266
11270
11272
11276
11283
11289
11292
11294
11298
11300
11305
11309
11318
11321
11325
11331
11335
11340
11342
11345
11348
11351
11356
11358
11361
11366
11369
11371
11374
11378
11380
11383
11387
11389
11391
11398
11399
11402
11404
11408
11411
11419
11423
11425
11429
11440
11445
11446
11454
11463
11470
11472
11474
11476
11479
11483
11485
11487
11490
11494
11498
11504
11506
11510
11513
11518
11520
Closing down connection...
