4
6
10
13
16
18
23
26
29
32
34
38
40
42
47
56
58
60
62
64
66
68
70
72
74
77
79
82
85
88
90
93
94
96
98
100
104
109
110
113
115
119
121
124
126
128
132
134
136
138
141
143
145
147
149
153
154
161
163
166
170
171
173
176
178
180
182
185
188
191
193
195
197
206
207
209
212
217
219
221
223
226
227
230
232
234
236
239
241
243
245
248
250
253
254
260
261
264
266
268
270
272
276
278
282
284
286
292
295
299
301
304
306
309
312
314
317
318
322
323
325
328
330
332
334
337
339
342
345
348
352
353
355
358
360
363
365
368
371
373
376
379
382
383
387
389
391
394
397
399
401
404
407
411
413
416
417
421
423
425
427
431
434
440
442
444
447
449
453
458
461
463
467
468
471
473
475
477
480
483
486
490
493
495
497
499
502
503
506
509
512
513
517
520
525
527
532
533
539
540
542
544
548
549
552
553
556
557
559
561
563
566
567
569
572
574
577
579
582
584
591
593
597
599
603
604
606
609
612
614
617
619
621
623
626
627
629
632
633
639
643
646
648
653
654
656
659
661
663
666
667
669
671
675
677
680
683
685
687
689
691
693
695
697
699
701
703
705
707
710
712
715
719
723
724
727
730
731
735
738
742
744
747
750
752
756
758
761
763
765
767
770
772
774
778
782
785
787
789
791
793
796
799
802
805
806
809
811
814
816
818
820
823
826
828
833
835
838
841
845
847
849
851
857
860
862
864
866
868
873
874
876
879
881
884
885
888
890
892
894
896
898
901
902
907
910
912
914
917
922
924
927
930
936
938
943
944
947
950
952
954
958
960
962
965
966
978
981
984
987
989
992
994
996
998
1003
1007
1009
1011
1014
1016
1019
1021
1025
1027
1030
1031
1033
1035
1038
1042
1044
1047
1048
1050
1052
1054
1056
1059
1061
1064
1068
1069
1073
1077
1078
1083
1085
1090
1092
1094
1096
1099
1101
1103
1105
1107
1109
1111
1118
1120
1122
1124
1126
1129
1133
1134
1137
1139
1145
1147
1150
1152
1155
1157
1159
1163
1165
1167
1169
1171
1176
1177
1179
1183
1184
1188
1190
1192
1194
1197
1199
1201
1204
1205
1207
1210
1214
1216
1219
1221
1223
1225
1227
1230
1231
1234
1238
1241
1242
1246
1247
1252
1253
1257
1259
1261
1263
1266
1268
1271
1274
1277
1278
1282
1283
1285
1287
1289
1293
1296
1298
1300
1306
1308
1310
1314
1318
1320
1323
1325
1328
1330
1333
1335
1338
1340
1342
1345
1347
1349
1353
1354
1359
1360
1365
1366
1371
1373
1375
1378
1381
1382
1387
1389
1391
1394
1396
1398
1401
1405
1408
1409
1411
1413
1416
1418
1421
1425
1428
1432
1435
1436
1441
1443
1446
1448
1451
1454
1456
1459
1460
1462
1465
1467
1469
1473
1477
1480
1481
1485
1486
1489
1491
1494
1495
1498
1499
1501
1503
1505
1507
1509
1511
1514
1515
1519
1523
1526
1528
1530
1533
1536
1538
1540
1542
1545
1546
1548
1550
1553
1555
1559
1562
1563
1566
1567
1570
1571
1574
1577
1578
1581
1584
1586
1589
1590
1592
1594
1599
1600
1603
1605
1608
1609
1611
1614
1617
1619
1621
1623
1625
1627
1629
1633
1636
1638
1641
1643
1647
1649
1651
1655
1658
1660
1662
1664
1667
1669
1671
1675
1676
1678
1680
1683
1686
1689
1690
1693
1694
1697
1699
1701
1703
1705
1709
1711
1713
1715
1718
1722
1724
1727
1729
1731
1735
1736
1739
1743
1746
1748
1750
1753
1755
1760
1761
1764
1766
1768
1770
1772
1774
1779
1780
1785
1786
1790
1793
1795
1798
1800
1803
1804
1806
1809
1810
1812
1814
1816
1818
1821
1823
1825
1828
1830
1835
1837
1840
1842
1845
1847
1849
1853
1855
1857
1859
1863
1865
1867
1871
1872
1875
1878
1880
1883
1885
1890
1893
1895
1898
1900
1903
1909
1914
1916
1920
1921
1924
1925
1927
1929
1932
1936
1938
1941
1942
1944
1947
1948
1950
1953
1954
1956
1959
1961
1964
1966
1969
1970
1973
1976
1977
1984
1986
1990
1992
1994
1997
1998
2003
2005
2008
2010
2012
2014
2017
2020
2023
2026
2028
2031
2035
2039
2042
2046
2049
2051
2053
2056
2057
2060
2063
2065
2067
2069
2072
2074
2079
2080
2082
2084
2087
2088
2090
2092
2094
2097
2099
2101
2104
2106
2109
2117
2120
2123
2126
2128
2130
2134
2136
2138
2142
2144
2148
2149
2152
2156
2158
2162
2163
2166
2168
2170
2172
2174
2176
2178
2180
2183
2188
2192
2194
2196
2203
2206
2209
2212
2214
2219
2220
2222
2225
2226
2230
2232
2235
2237
2240
2243
2247
2249
2251
2253
2256
2257
2263
2265
2268
2275
2277
2281
2284
2290
2295
2297
2300
2302
2305
2306
2308
2310
2313
2315
2319
2322
2324
2327
2331
2334
2337
2338
2341
2342
2346
2348
2350
2352
2354
2356
2359
2360
2362
2364
2367
2368
2371
2373
2375
2378
2380
2383
2386
2389
2392
2394
2396
2398
2405
2406
2409
2410
2412
2414
2416
2418
2422
2423
2425
2428
2432
2433
2435
2437
2440
2443
2446
2452
2454
2457
2459
2462
2464
2466
2469
2471
2474
2477
2480
2481
2483
2486
2488
2490
2492
2497
2498
2503
2506
2507
2509
2512
2513
2515
2518
2520
2522
2524
2529
2530
2533
2534
2537
2538
2542
2543
2545
2548
2551
2554
2555
2557
2560
2561
2565
2568
2572
2575
2577
2579
2582
2584
2588
2589
2591
2595
2600
2604
2607
2609
2613
2615
2617
2620
2622
2625
2626
2629
2632
2634
2637
2640
2641
2646
2647
2650
2652
2658
2661
2664
2667
2670
2673
2677
2679
2682
2683
2685
2687
2689
2691
2693
2695
2697
2699
2702
2706
2707
2714
2717
2719
2721
2724
2725
2728
2730
2732
2734
2736
2739
2741
2743
2746
2749
2753
2754
2756
2759
2761
2763
2765
2767
2769
2772
2773
2778
2779
2781
2783
2786
2788
2791
2793
2795
2797
2800
2804
2807
2809
2811
2813
2815
2817
2820
2825
2826
2828
2830
2832
2835
2837
2841
2842
2845
2847
2849
2851
2853
2857
2860
2863
2866
2869
2872
2874
2876
2878
2882
2883
2886
2887
2889
2891
2895
2897
2899
2906
2908
2912
2914
2916
2918
2921
2923
2925
2929
2932
2934
2936
2938
2940
2943
2946
2948
2950
2953
2956
2958
2961
2964
2966
2969
2972
2974
2977
2978
2980
2982
2984
2986
2991
2993
2995
2997
3000
3001
3005
3010
3011
3013
3015
3017
3019
3021
3024
3029
3033
3035
3038
3039
3043
3046
3050
3053
3055
3057
3059
3062
3065
3067
3069
3072
3073
3075
3077
3080
3081
3085
3088
3091
3094
3098
3102
3106
3111
3112
3115
3117
3120
3122
3124
3128
3131
3133
3136
3138
3140
3143
3146
3148
3151
3153
3156
3158
3162
3166
3169
3173
3175
3177
3180
3185
3189
3191
3193
3196
3197
3199
3202
3206
3207
3210
3211
3215
3216
3219
3220
3223
3225
3230
3231
3233
3235
3238
3240
3242
3244
3246
3248
3251
3252
3254
3257
3260
3262
3264
3266
3269
3270
3273
3277
3281
3285
3290
3292
3294
3296
3301
3303
3308
3310
3313
3315
3317
3320
3322
3325
3327
3329
3331
3334
3336
3338
3340
3342
3345
3346
3351
3354
3357
3358
3360
3365
3367
3370
3372
3378
3381
3385
3388
3391
3395
3397
3400
3401
3405
3406
3414
3415
3417
3419
3422
3425
3428
3429
3431
3435
3438
3440
3445
3447
3449
3452
3455
3459
3464
3467
3468
3473
3475
3478
3481
3483
3485
3488
3491
3494
3495
3498
3500
3502
3504
3506
3508
3512
3515
3517
3519
3523
3524
3530
3533
3535
3537
3542
3543
3546
3548
3550
3552
3554
3560
3561
3563
3565
3567
3572
3574
3576
3578
3581
3584
3587
3589
3592
3595
3598
3601
3602
3605
3608
3609
3612
3616
3620
3623
3627
3629
3631
3637
3638
3641
3644
3646
3651
3653
3656
3659
3661
3663
3665
3668
3669
3672
3675
3676
3680
3682
3684
3686
3688
3690
3692
3695
3696
3699
3702
3703
3705
3709
3715
3717
3719
3723
3726
3727
3730
3733
3736
3738
3740
3743
3747
3751
3756
3757
3761
3765
3768
3771
3773
3775
3778
3781
3784
3788
3792
3794
3799
3802
3805
3807
3810
3812
3817
3818
3822
3824
3826
3830
3832
3834
3837
3840
3842
3845
3846
3851
3852
3854
3856
3859
3861
3864
3865
3870
3871
3874
3875
3878
3882
3884
3886
3888
3891
3892
3895
3897
3899
3901
3904
3909
3910
3913
3916
3919
3923
3925
3932
3936
3938
3940
3942
3946
3947
3950
3951
3958
3960
3962
3964
3967
3970
3973
3979
3983
3985
3989
3992
3996
3997
4000
4002
4004
4007
4009
4012
4013
4015
4017
4020
4022
4025
4028
4029
4031
4034
4036
4039
4041
4044
4046
4050
4051
4054
4055
4057
4060
4062
4066
4068
4071
4073
4077
4079
4082
4084
4086
4089
4090
4092
4096
4098
4100
4102
4104
4108
4111
4113
4117
4120
4122
4124
4126
4128
4132
4133
4136
4139
4140
4145
4148
4150
4152
4155
4158
4160
4163
4165
4169
4171
4173
4177
4180
4184
4186
4191
4193
4196
4199
4200
4203
4206
4208
4210
4214
4216
4219
4220
4222
4224
4226
4229
4234
4238
4239
4243
4244
4246
4249
4251
4253
4255
4257
4259
4262
4264
4266
4272
4274
4277
4279
4285
4287
4289
4291
4293
4299
4301
4305
4308
4310
4312
4314
4317
4319
4322
4323
4329
4331
4334
4338
4340
4343
4346
4348
4351
4352
4354
4358
4360
4362
4364
4368
4370
4374
4375
4381
4387
4391
4393
4395
4397
4399
4401
4403
4406
4407
4409
4412
4418
4421
4423
4425
4427
4429
4431
4433
4435
4438
4441
4443
4445
4449
4452
4455
4458
4460
4464
4466
4469
4470
4472
4474
4477
4480
4482
4484
4486
4488
4490
4494
4495
4497
4500
4501
4503
4505
4507
4509
4511
4513
4516
4518
4521
4523
4525
4529
4532
4535
4536
4538
4541
4543
4545
4547
4549
4552
4559
4560
4562
4564
4566
4568
4570
4573
4576
4578
4583
4586
4589
4590
4595
4596
4598
4600
4603
4606
4610
4612
4614
4617
4618
4621
4624
4627
4628
4631
4632
4635
4637
4640
4641
4645
4646
4648
4651
4653
4655
4658
4662
4665
4667
4669
4673
4675
4678
4681
4682
4687
4689
4693
4694
4696
4698
4702
4704
4707
4710
4714
4716
4718
4722
4723
4728
4729
4733
4735
4739
4744
4746
4748
4750
4752
4755
4756
4760
4763
4765
4767
4772
4774
4777
4779
4782
4783
4785
4788
4790
4792
4796
4798
4800
4802
4806
4809
4811
4815
4818
4819
4821
4825
4830
4835
4838
4840
4843
4845
4849
4852
4854
4857
4859
4862
4864
4870
4872
4874
4878
4880
4884
4886
4888
4890
4894
4895
4897
4900
4901
4904
4905
4908
4913
4915
4918
4919
4924
4927
4929
4931
4934
4938
4941
4943
4945
4947
4949
4951
4953
4956
4957
4961
4963
4966
4967
4974
4977
4980
4982
4984
4987
4989
4991
4993
4995
4998
4999
5002
5006
5008
5012
5015
5019
5021
5026
5027
5029
5032
5035
5037
5039
5043
5045
5048
5050
5052
5054
5056
5058
5060
5062
5067
5068
5071
5073
5075
5077
5080
5083
5085
5087
5090
5092
5094
5096
5100
5103
5105
5108
5109
5111
5114
5117
5119
5121
5124
5127
5128
5130
5132
5135
5138
5140
5142
5145
5147
5151
5153
5157
5158
5160
5162
5164
5166
5171
5173
5176
5177
5179
5181
5184
5185
5187
5189
5191
5194
5196
5198
5204
5205
5207
5210
5212
5215
5217
5222
5223
5225
5228
5230
5233
5234
5237
5241
5242
5245
5247
5249
5251
5255
5257
5259
5262
5264
5268
5270
5273
5275
5278
5282
5284
5286
5290
5292
5295
5296
5300
5304
5307
5309
5311
5313
5315
5317
5320
5322
5325
5329
5331
5333
5335
5338
5340
5343
5344
5348
5350
5355
5358
5361
5364
5368
5370
5372
5374
5379
5381
5384
5387
5389
5391
5397
5398
5403
5404
5408
5411
5414
5417
5419
5421
5423
5427
5433
5434
5439
5440
5447
5448
5454
5455
5458
5459
5464
5466
5469
5475
5477
5479
5483
5484
5486
5488
5490
5493
5496
5499
5501
5504
5505
5508
5510
5513
5515
5517
5519
5523
5525
5529
5531
5533
5536
5538
5541
5545
5549
5551
5554
5556
5558
5561
5562
5567
5568
5572
5574
5576
5578
5581
5583
5585
5589
5594
5597
5600
5602
5604
5606
5608
5610
5613
5615
5617
5620
5624
5626
5628
5630
5632
5635
5638
5641
5642
5646
5648
5654
5655
5657
5659
5662
5665
5667
5673
5676
5678
5680
5682
5685
5686
5688
5690
5693
5694
5697
5701
5707
5709
5711
5717
5718
5726
5728
5733
5734
5737
5739
5742
5743
5747
5748
5753
5754
5761
5763
5766
5769
5771
5773
5776
5779
5781
5783
5785
5787
5790
5792
5794
5797
5800
5803
5805
5807
5809
5814
5816
5820
5822
5824
5827
5828
5831
5833
5835
5837
5841
5843
5847
5850
5852
5854
5856
5859
5862
5863
5865
5868
5869
5872
5874
5876
5878
5881
5884
5886
5889
5892
5894
5900
5904
5908
5909
5914
5917
5919
5922
5926
5928
5931
5933
5935
5937
5939
5941
5944
5946
5948
5950
5952
5955
5958
5960
5962
5965
5967
5970
5973
5975
5979
5983
5984
5989
5994
5996
5998
6000
6003
6004
6007
6008
6010
6012
6014
6016
6019
6022
6023
6025
6027
6029
6031
6033
6036
6040
6042
6044
6046
6048
6052
6053
6055
6057
6061
6067
6068
6071
6074
6076
6078
6080
6083
6084
6090
6091
6096
6097
6099
6102
6104
6106
6108
6115
6117
6120
6122
6125
6127
6129
6131
6135
6138
6140
6142
6146
6148
6150
6152
6158
6159
6161
6163
6165
6168
6169
6172
6175
6179
6180
6182
6184
6188
6189
6193
6194
6196
6198
6200
6204
6205
6207
6209
6211
6213
6215
6218
6221
6223
6225
6229
6230
6234
6236
6238
6241
6245
6248
6252
6254
6260
6262
6264
6267
6268
6270
6272
6276
6277
6280
6282
6284
6286
6289
6291
6296
6298
6300
6305
6306
6308
6311
6312
6315
6317
6319
6329
6332
6335
6338
6341
6343
6346
6347
6349
6351
6353
6355
6357
6360
6361
6363
6366
6369
6370
6375
6378
6382
6383
6389
6393
6394
6399
6402
6403
6405
6407
6410
6412
6414
6417
6420
6428
6430
6432
6435
6438
6440
6444
6446
6449
6452
6454
6457
6459
6461
6463
6466
6469
6471
6473
6475
6478
6480
6483
6486
6488
6490
6493
6494
6498
6500
6502
6504
6507
6509
6511
6516
6518
6522
6525
6529
6531
6535
6537
6541
6542
6544
6546
6549
6552
6553
6556
6558
6560
6562
6564
6567
6570
6574
6576
6579
6583
6585
6589
6590
6593
6596
6597
6600
6602
6604
6607
6608
6610
6612
6614
6616
6618
6621
6624
6625
6627
6629
6631
6633
6636
6637
6639
6641
6643
6649
6651
6653
6655
6657
6659
6661
6663
6665
6668
6669
6675
6677
6680
6683
6685
6689
6690
6693
6696
6698
6701
6703
6708
6709
6713
6716
6718
6724
6725
6729
6732
6734
6736
6738
6743
6745
6747
6750
6752
6755
6757
6759
6761
6764
6767
6768
6772
6776
6780
6782
6784
6786
6788
6791
6794
6796
6800
6802
6804
6806
6810
6811
6814
6816
6819
6820
6823
6826
6831
6833
6835
6837
6839
6841
6844
6846
6849
6852
6855
6858
6861
6863
6866
6870
6873
6876
6879
6882
6883
6887
6890
6894
6897
6899
6902
6903
6907
6910
6913
6917
6919
6921
6923
6927
6929
6931
6935
6936
6939
6941
6943
6946
6948
6950
6952
6955
6960
6963
6967
6968
6972
6974
6981
6983
6985
6987
6990
6992
6994
6997
6999
7002
7004
7006
7009
7011
7013
7015
7017
7020
7022
7025
7027
7030
7032
7035
7036
7039
7041
7045
7047
7051
7052
7054
7056
7058
7062
7064
7066
7068
7070
7072
7074
7077
7079
7082
7086
7087
7089
7091
7093
7095
7098
7100
7104
7106
7108
7110
7112
7115
7117
7119
7121
7123
7128
7130
7132
7136
7139
7145
7147
7154
7156
7162
7163
7165
7167
7169
7171
7174
7179
7180
7182
7184
7186
7188
7191
7193
7195
7198
7199
7201
7203
7205
7208
7210
7213
7216
7219
7221
7224
7226
7229
7232
7236
7238
7243
7245
7247
7249
7252
7255
7256
7261
7265
7269
7274
7278
7279
7282
7283
7285
7287
7292
7294
7296
7298
7300
7303
7305
7307
7311
7314
7315
7319
7321
7323
7326
7329
7331
7333
7336
7338
7340
7343
7345
7348
7350
7353
7354
7357
7360
7362
7364
7366
7370
7373
7376
7379
7382
7385
7388
7391
7393
7395
7397
7400
7401
7406
7409
7411
7415
7417
7420
7422
7425
7428
7429
7433
7436
7441
7444
7447
7449
7452
7453
7455
7457
7460
7463
7468
7470
7472
7474
7480
7483
7484
7487
7488
7491
7492
7494
7496
7501
7503
7505
7507
7510
7512
7514
7518
7522
7525
7529
7532
7535
7536
7539
7541
7543
7545
7547
7549
7552
7556
7557
7560
7562
7564
7566
7568
7570
7572
7576
7577
7579
7581
7583
7585
7589
7590
7592
7594
7597
7603
7605
7607
7610
7611
7614
7616
7620
7623
7626
7628
7630
7633
7635
7638
7641
7643
7647
7650
7652
7654
7656
7658
7660
7662
7666
7668
7673
7675
7677
7679
7682
7684
7686
7688
7690
7692
7694
7696
7698
7703
7705
7709
7711
7715
7717
7721
7723
7725
7727
7730
7732
7734
7736
7739
7741
7745
7747
7749
7751
7753
7755
7760
7764
7766
7768
7770
7772
7775
7777
7780
7783
7786
7788
7790
7793
7798
7802
7804
7807
7809
7812
7814
7819
7821
7824
7826
7831
7834
7835
7838
7840
7843
7845
7849
7852
7854
7856
7860
7861
7863
7865
7867
7871
7873
7875
7877
7879
7881
7883
7888
7895
7898
7900
7902
7904
7906
7908
7911
7913
7915
7917
7920
7923
7924
7926
7928
7930
7932
7934
7936
7938
7941
7942
7945
7947
7949
7951
7954
7957
7963
7967
7968
7970
7972
7974
7978
7981
7983
7986
7988
7990
7993
7995
7998
8002
8005
8007
8009
8011
8013
8018
8020
8022
8024
8026
8028
8031
8033
8035
8038
8040
8043
8044
8048
8050
8052
8054
8056
8059
8062
8066
8071
8074
8075
8078
8079
8082
8085
8086
8089
8091
8094
8097
8099
8102
8103
8105
8108
8110
8113
8115
8118
8119
8121
8123
8126
8131
8132
8135
8138
8140
8143
8146
8149
8151
8153
8156
8158
8160
8162
8165
8168
8170
8172
8174
8177
8178
8180
8185
8188
8194
8196
8198
8200
8204
8205
8207
8209
8212
8214
8216
8219
8222
8230
8231
8242
8245
8247
8249
8251
8254
8257
8260
8263
8264
8267
8270
8276
8278
8281
8283
8286
8288
8290
8292
8295
8297
8299
8303
8308
8311
8312
8314
8316
8318
8320
8325
8326
8328
8332
8333
8340
8343
8346
8349
8351
8353
8355
8357
8360
8362
8364
8366
8368
8370
8372
8375
8376
8380
8381
8383
8385
8387
8394
8396
8403
8405
8407
8410
8414
8415
8417
8420
8426
8428
8432
8433
8435
8437
8440
8441
8444
8449
8450
8453
8454
8456
8458
8460
8464
8466
8468
8470
8473
8475
8477
8479
8484
8485
8487
8489
8491
8493
8497
8499
8502
8504
8506
8508
8511
8515
8516
8518
8520
8524
8527
8532
8534
8537
8539
8543
8544
8547
8548
8551
8553
8555
8557
8559
8561
8563
8565
8568
8571
8574
8577
8583
8585
8588
8590
8592
8594
8597
8599
8601
8603
8606
8609
8611
8615
8617
8621
8624
8626
8629
8631
8633
8635
8638
8642
8648
8651
8653
8659
8660
8663
8664
8666
8671
8673
8676
8678
8680
8682
8685
8687
8690
8693
8694
8696
8698
8700
8702
8704
8706
8709
8712
8715
8720
8722
8724
8727
8729
8732
8735
8737
8739
8742
8744
8749
8751
8753
8756
8759
8761
8763
8765
8768
8770
8773
8777
8778
8781
8783
8786
8787
8790
8793
8795
8800
8801
8804
8805
8807
8809
8811
8813
8817
8820
8823
8825
8829
8830
8833
8837
8839
8841
8843
8846
8852
8853
8857
8859
8862
8864
8867
8870
8873
8875
8877
8880
8882
8885
8886
8889
8892
8894
8896
8899
8902
8903
8907
8910
8913
8915
8918
8920
8923
8925
8927
8929
8931
8933
8936
8938
8943
8944
8947
8949
8952
8957
8959
8961
8965
8966
8969
8971
8973
8975
8977
8979
8982
8986
8987
8993
8998
9001
9004
9009
9010
9013
9015
9017
9020
9023
9025
9027
9031
9035
9038
9040
9043
9046
9048
9053
9055
9057
9060
9062
9065
9068
9071
9072
9075
9076
9079
9081
9083
9085
9087
9090
9093
9095
9098
9100
9102
9105
9107
9109
9111
9114
9115
9117
9119
9122
9124
9127
9129
9133
9135
9138
9139
9142
9144
9149
9152
9157
9160
9165
9166
9169
9172
9176
9178
9180
9182
9185
9186
9188
9190
9192
9194
9196
9200
9201
9203
9205
9207
9210
9212
9214
9218
9220
9222
9225
9227
9230
9232
9235
9238
9241
9245
9247
9250
9253
9254
9258
9260
9262
9264
9266
9268
9272
9274
9277
9279
9281
9284
9285
9288
9290
9293
9294
9298
9299
9302
9305
9307
9310
9313
9315
9318
9321
9322
9326
9331
9336
9337
9342
9344
9346
9350
9353
9354
9360
9362
9364
9366
9368
9370
9375
9378
9381
9383
9385
9389
9391
9393
9395
9398
9400
9402
9404
9406
9409
9412
9416
9418
9420
9422
9426
9429
9432
9434
9436
9438
9442
9444
9446
9449
9453
9456
9458
9460
9463
9465
9468
9470
9472
9474
9476
9478
9481
9482
9486
9488
9490
9492
9495
9497
9500
9502
9504
9508
9510
9515
9519
9520
9523
9525
9527
9529
9534
9536
9538
9542
9543
9547
9549
9551
9554
9559
9562
9566
9569
9572
9574
9576
9578
9580
9582
9584
9586
9589
9591
9593
9597
9599
9601
9604
9605
9608
9610
9614
9615
9617
9619
9623
9625
9628
9630
9632
9634
9636
9638
9640
9642
9645
9646
9648
9651
9653
9655
9657
9660
9662
9665
9667
9669
9671
9677
9678
9680
9684
9686
9691
9693
9696
9698
9700
9704
9706
9709
9712
9714
9716
9718
9721
9727
9730
9731
9734
9736
9739
9743
9746
9747
9752
9754
9756
9760
9761
9764
9766
9770
9771
9774
9778
9780
9782
9784
9786
9789
9798
9802
9804
9807
9809
9812
9813
9816
9817
9823
9825
9828
9832
9833
9835
9837
9839
9842
9845
9848
9851
9854
9856
9859
9860
9862
9864
9868
9870
9873
9875
9881
9882
9885
9887
9890
9892
9894
9897
9900
9901
9905
9907
9909
9911
9913
9915
9917
9920
9922
9925
9928
9930
9935
9938
9943
9946
9949
9951
9953
9955
9959
9961
9966
9968
9970
9972
9974
9976
9978
9981
9984
9987
9990
9991
9994
9998
10000
10002
10006
10007
10009
10011
10013
10016
10018
10020
10022
10026
10027
10030
10032
10034
10038
10043
10045
10047
10050
10051
10057
10062
10063
10065
10067
10069
10071
10074
10075
10081
10082
10085
10086
10088
10092
10094
10097
10100
10102
10105
10107
10109
10114
10115
10118
10121
10124
10126
10129
10131
10133
10136
10138
10141
10143
10147
10148
10153
10155
10157
10160
10163
10164
10168
10172
10174
10181
10183
10188
10190
10192
10196
10198
10200
10202
10207
10208
10212
10214
10216
10219
10221
10223
10226
10228
10230
10232
10235
10237
10240
10241
10245
10248
10250
10253
10256
10260
10261
10265
10269
10271
10273
10275
10279
10280
10284
10285
10289
10291
10293
10298
10299
10301
10304
10305
10308
10310
10312
10314
10316
10318
10321
10322
10326
10329
10332
10334
10338
10340
10342
10345
10348
10355
10358
10360
10363
10364
10366
10371
10375
10379
10380
10383
10385
10388
10389
10391
10393
10396
10398
10402
10404
10406
10409
10413
10414
10418
10420
10422
10425
10426
10429
10431
10433
10436
10439
10441
10444
10445
10448
10451
10452
10455
10457
10459
10461
10464
10467
10469
10471
10476
10477
10479
10482
10486
10487
10491
10493
10495
10497
10501
10504
10506
10508
10510
10512
10515
10519
10521
10523
10529
10530
10532
10536
10537
10540
10542
10546
10548
10551
10554
10556
10559
10561
10564
10568
10572
10573
10575
10578
10581
10585
10586
10590
10591
10593
10598
10599
10601
10604
10608
10610
10614
10616
10619
10621
10623
10626
10629
10630
10633
10635
10640
10643
10644
10648
10649
10652
10656
10658
10660
10663
10665
10668
10673
10675
10677
10680
10682
10684
10686
10689
10691
10694
10696
10699
10701
10703
10705
10708
10710
10713
10717
10718
10721
10723
10726
10727
10729
10731
10734
10736
10739
10741
10746
10748
10750
10753
10754
10757
10759
10764
10765
10768
10769
10772
10776
10782
10783
10786
10789
10792
10795
10798
10800
10802
10804
10806
10809
10811
10816
10818
10821
10823
10825
10827
10829
10832
10833
10835
10837
10839
10841
10847
10848
10851
10853
10859
10862
10866
10868
10870
10873
10876
10878
10880
10882
10885
10887
10889
10892
10893
10896
10897
10901
10902
10907
10908
10910
10912
10916
10917
10919
10921
10923
10926
10928
10931
10932
10935
10937
10939
10941
10944
10946
10948
10951
10953
10958
10960
10962
10966
10968
10970
10972
10977
10979
10982
10984
10986
10988
10990
10992
10994
10996
11003
11005
11007
11009
11011
11014
11015
11020
11021
11023
11026
11028
11031
11033
11035
11039
11040
11045
11047
11049
11053
11056
11060
11063
11065
11067
11069
11071
11073
11077
11079
11081
11084
11085
11088
11091
11095
11097
11102
11106
11110
11112
11114
11116
11118
11120
11124
11125
11128
11131
11135
11137
11139
11142
11147
11148
11150
11152
11154
11158
11163
11167
11168
11171
11174
11175
11178
11180
11182
11184
11188
11189
11193
11196
11198
11201
11204
11206
11209
11210
11212
11215
11218
11222
11225
11226
11228
11230
11233
11236
11238
11241
11242
11244
11247
11249
11252
11254
11257
11259
11261
11263
11266
11269
11271
11275
11277
11280
11282
11285
11288
11293
11295
11298
Closing down connection...
