6
7
15
17
19
22
26
29
30
32
33
38
40
42
43
45
46
51
53
55
59
61
65
66
69
71
73
74
78
79
81
82
95
97
100
101
103
104
107
109
110
114
115
117
118
122
123
131
132
135
137
138
140
142
150
152
155
156
159
160
162
163
167
172
173
183
186
188
200
201
203
206
207
213
214
219
221
223
225
226
233
235
237
242
248
250
252
255
261
264
267
268
279
282
286
289
290
292
300
305
308
309
311
313
317
321
322
326
327
329
333
335
337
343
345
350
351
354
357
360
361
367
369
371
373
375
377
378
388
391
393
394
400
403
405
408
414
418
419
423
426
428
431
434
439
445
449
453
457
459
460
466
468
470
473
477
478
482
484
485
491
493
495
496
499
503
505
508
514
516
520
525
527
528
531
532
537
538
540
541
546
548
550
551
554
555
557
559
560
562
564
568
570
572
573
577
578
581
583
585
587
588
591
593
595
600
605
606
611
612
616
619
621
625
626
629
630
632
633
638
642
644
645
647
648
650
651
653
655
659
660
662
664
665
668
671
672
676
678
680
681
685
686
688
693
695
697
699
703
706
707
709
712
713
728
731
732
737
741
744
745
749
753
755
756
759
761
763
765
773
775
778
783
787
788
794
796
798
799
807
808
812
814
819
822
830
831
833
841
843
845
849
853
854
856
857
859
860
863
868
869
874
876
878
882
884
890
893
894
897
904
907
909
913
916
920
924
926
928
931
934
937
939
943
945
947
948
954
955
957
959
963
964
967
968
971
974
979
981
984
985
989
990
995
996
1000
1001
1003
1004
1007
1009
1013
1015
1016
1023
1024
1026
1029
1032
1034
1035
1037
1038
1042
1046
1048
1049
1051
1052
1055
1057
1059
1061
1064
1066
1068
1075
1076
1079
1082
1088
1089
1092
1093
1095
1096
1098
1102
1104
1115
1116
1121
1124
1126
1127
1131
1132
1136
1137
1142
1149
1154
1156
1158
1161
1162
1166
1167
1169
1170
1173
1174
1176
1177
1182
1185
1193
1194
1199
1201
1206
1210
1213
1214
1217
1219
1222
1225
1227
1228
1233
1236
1237
1239
1240
1243
1244
1249
1250
1257
1258
1260
1263
1266
1269
1270
1273
1274
1277
1279
1281
1283
1284
1286
1287
1290
1292
1294
1296
1299
1312
1316
1320
1329
1331
1337
1340
1343
1345
1348
1351
1355
1357
1359
1362
1365
1369
1380
1381
1384
1385
1394
1395
1398
1400
1402
1405
1407
1411
1412
1414
1415
1424
1426
1433
1440
1441
1444
1447
1449
1451
1452
1455
1457
1459
1463
1464
1466
1468
1469
1472
1473
1475
1476
1478
1479
1481
1485
1489
1491
1492
1494
1495
1502
1504
1505
1512
1515
1518
1519
1522
1524
1533
1535
1539
1541
1548
1550
1551
1557
1559
1560
1565
1566
1570
1572
1576
1578
1580
1582
1587
1590
1596
1598
1599
1604
1605
1607
1612
1616
1618
1620
1622
1623
1626
1628
1632
1635
1642
1645
1648
1649
1654
1655
1660
1661
1669
1671
1674
1677
1684
1687
1690
1695
1699
1702
1705
1710
1713
1714
1718
1721
1722
1724
1727
1728
1731
1734
1736
1737
1740
1741
1745
1749
1752
1753
1756
1759
1762
1764
1766
1767
1769
1774
1777
1779
1783
1785
1789
1793
1794
1801
1803
1809
1813
1814
1818
1819
1822
1824
1828
1836
1844
1849
1853
1855
1857
1860
1866
1869
1871
1880
1883
1885
1886
1893
1897
1899
1903
1905
1906
1909
1910
1913
1915
1917
1918
1921
1926
1928
1932
1933
1935
1937
1940
1942
1945
1951
1956
1957
1960
1961
1963
1965
1970
1972
1978
1979
1983
1986
1989
1990
1994
1996
1998
1999
2004
2005
2007
2008
2011
2015
2020
2021
2030
2033
2037
2040
2041
2043
2045
2047
2051
2053
2056
2063
2064
2067
2069
2072
2073
2077
2079
2081
2084
2086
2087
2092
2093
2098
2099
2102
2103
2110
2112
2117
2121
2123
2124
2128
2131
2133
2135
2139
2141
2143
2148
2150
2154
2157
2160
2162
2163
2168
2170
2178
2179
2181
2186
2189
2191
2194
2196
2200
2202
2212
2216
2218
2219
2221
2223
2225
2227
2230
2231
2233
2235
2236
2241
2242
2245
2247
2250
2251
2254
2255
2258
2259
2261
2262
2271
2273
2274
2277
2278
2280
2282
2286
2287
2289
2291
2293
2295
2298
2300
2305
2307
2310
2313
2316
2318
2320
2324
2326
2330
2337
2340
2341
2346
2347
2353
2355
2356
2360
2361
2366
2367
2372
2374
2377
2379
2381
2387
2390
2392
2397
2398
2400
2402
2406
2407
2411
2413
2417
2420
2422
2425
2428
2430
2440
2442
2444
2448
2449
2452
2453
2459
2463
2466
2468
2470
2471
2473
2475
2478
2481
2484
2488
2489
2492
2495
2496
2499
2502
2505
2509
2511
2513
2515
2519
2520
2524
2527
2529
2530
2533
2534
2536
2539
2541
2543
2548
2550
2551
2555
2558
2566
2567
2570
2573
2577
2579
2581
2584
2588
2590
2595
2597
2599
2600
2602
2605
2606
2611
2613
2615
2620
2621
2623
2625
2630
2632
2633
2639
2640
2647
2649
2653
2656
2659
2664
2666
2667
2672
2675
2677
2680
2683
2684
2693
2697
2699
2700
2703
2704
2708
2709
2712
2714
2717
2718
2723
2724
2728
2729
2732
2734
2739
2742
2747
2748
2750
2751
2754
2755
2758
2759
2763
2765
2767
2772
2776
2783
2784
2786
2788
2789
2791
2792
2795
2797
2799
2802
2804
2806
2812
2815
2818
2822
2827
2830
2834
2837
2842
2845
2851
2857
2862
2865
2868
2871
2872
2874
2879
2880
2885
2888
2893
2895
2896
2902
2904
2908
2915
2918
2920
2922
2924
2931
2936
2940
2941
2943
2944
2946
2947
2949
2951
2952
2954
2955
2957
2961
2963
2972
2974
2976
2979
2981
2983
2984
2987
2988
2991
2992
2994
2996
2997
3001
3004
3005
3008
3009
3011
3013
3014
3016
3017
3023
3025
3037
3039
3040
3042
3043
3046
3047
3049
3050
3056
3061
3071
3074
3077
3078
3080
3083
3087
3089
3092
3094
3097
3102
3108
3113
3116
3117
3119
3122
3124
3126
3131
3134
3140
3145
3150
3155
3156
3161
3163
3165
3166
3170
3171
3176
3177
3180
3183
3184
3186
3188
3189
3193
3195
3198
3199
3205
3212
3215
3216
3220
3221
3226
3227
3230
3233
3234
3237
3239
3250
3253
3254
3258
3260
3263
3269
3273
3275
3277
3280
3284
3285
3293
3294
3296
3297
3301
3303
3308
3309
3312
3314
3316
3318
3322
3324
3326
3328
3334
3337
3339
3342
3347
3349
3350
3352
3353
3356
3358
3360
3362
3364
3365
3376
3377
3385
3386
3388
3389
3393
3395
3396
3398
3399
3403
3407
3408
3410
3412
3416
3417
3422
3423
3426
3427
3429
3430
3435
3438
3440
3442
3444
3446
3447
3452
3453
3456
3458
3459
3461
3470
3474
3477
3482
3483
3486
3488
3490
3492
3496
3500
3503
3506
3508
3513
3514
3516
3522
3525
3526
3528
3530
3532
3534
3536
3538
3540
3541
3544
3545
3551
3553
3556
3557
3562
3564
3567
3570
3571
3573
3575
3582
3583
3588
3590
3592
3593
3596
3600
3614
3618
3619
3621
3622
3626
3627
3630
3631
3634
3636
3638
3640
3643
3646
3650
3651
3654
3656
3659
3662
3664
3669
3671
3672
3675
3681
3684
3685
3691
3693
3695
3696
3698
3701
3703
3704
3711
3712
3718
3719
3724
3727
3731
3734
3737
3738
3744
3747
3749
3758
3763
3765
3767
3769
3770
3776
3777
3782
3784
3788
3790
3792
3793
3802
3804
3805
3808
3810
3812
3814
3815
3817
3818
3821
3822
3827
3829
3830
3835
3838
3840
3842
3844
3846
3848
3852
3853
3857
3859
3860
3867
3870
3872
3873
3875
3876
3881
3883
3885
3893
3896
3906
3907
3910
3912
3914
3917
3928
3929
3932
3934
3938
3940
3942
3944
3946
3951
3956
3957
3961
3963
3969
3971
3974
3976
3978
3979
3981
3985
3994
3995
3999
4002
4004
4006
4009
4013
4015
4018
4020
4025
4028
4030
4031
4034
4036
4039
4040
4042
4043
4046
4048
4051
4053
4054
4058
4062
4064
4065
4067
4068
4071
4076
4078
4081
4085
4087
4089
4091
4092
4095
4098
4100
4103
4105
4108
4110
4114
4117
4118
4124
4133
4135
4137
4141
4147
4149
4150
4154
4156
4157
4160
4163
4166
4167
4178
4179
4182
4185
4188
4190
4191
4194
4196
4206
4207
4209
4211
4213
4215
4216
4222
4226
4228
4230
4231
4236
4237
4240
4244
4249
4251
4253
4254
4260
4261
4265
4269
4273
4275
4277
4279
4280
4282
4283
4293
4297
4299
4300
4302
4304
4311
4312
4317
4318
4320
4322
4324
4325
4328
4330
4333
4334
4338
4339
4344
4345
4348
4350
4355
4356
4359
4360
4365
4366
4370
4372
4379
4381
4382
4385
4387
4388
4393
4396
4403
4404
4407
4408
4411
4414
4417
4420
4422
4425
4429
4434
4436
4440
4444
4445
4448
4449
4452
4454
4456
4458
4459
4465
4470
4472
4475
4477
4479
4483
4484
4489
4490
4493
4494
4500
4502
4503
4508
4509
4511
4512
4515
4519
4521
4524
4532
4535
4538
4546
4552
4553
4557
4558
4563
4565
4567
4570
4572
4584
4588
4589
4591
4592
4599
4602
4603
4608
4612
4614
4618
4621
4625
4627
4628
4632
4634
4636
4638
4643
4645
4647
4649
4651
4653
4655
4657
4658
4665
4674
4679
4681
4685
4688
4691
4692
4695
4696
4698
4700
4704
4705
4710
4711
4715
4717
4721
4723
4725
4730
4733
4734
4738
4740
4742
4743
4748
4749
4753
4755
4756
4760
4761
4763
4764
4767
4769
4770
4772
4773
4775
4777
4784
4786
4788
4789
4792
4793
4796
4797
4799
4800
4802
4803
4806
4808
4810
4816
4820
4822
4825
4827
4829
4831
4833
4834
4838
4839
4844
4845
4850
4851
4853
4854
4858
4859
4861
4863
4867
4868
4870
4871
4873
4876
4880
4881
4885
4889
4891
4893
4896
4904
4906
4907
4909
4910
4912
4914
4918
4920
4925
4927
4929
4931
4936
4938
4940
4943
4945
4947
4949
4950
4952
4955
4957
4958
4960
4962
4966
4968
4969
4974
4981
4983
4984
4987
4988
4990
4993
4996
4998
5001
5002
5006
5009
5011
5013
5015
5016
5018
5020
5027
5030
5033
5034
5036
5037
5039
5044
5048
5049
5052
5054
5059
5062
5063
5066
5067
5069
5070
5072
5073
5078
5079
5083
5085
5092
5094
5096
5099
5102
5107
5111
5112
5117
5119
5121
5122
5124
5125
5131
5134
5135
5138
5139
5145
5147
5149
5150
5157
5159
5160
5163
5166
5170
5171
5173
5174
5176
5178
5181
5185
5186
5188
5190
5193
5196
5199
5202
5204
5205
5210
5212
5214
5215
5218
5220
5227
5229
5230
5232
5234
5237
5239
5240
5242
5244
5248
5249
5252
5253
5255
5258
5261
5262
5264
5266
5269
5270
5275
5277
5280
5282
5286
5288
5290
5292
5296
5298
5299
5308
5313
5318
5320
5321
5327
5330
5334
5335
5338
5339
5341
5350
5354
5355
5357
5359
5366
5371
5377
5380
5383
5384
5386
5388
5392
5393
5396
5397
5401
5402
5406
5407
5409
5411
5415
5416
5419
5421
5422
5425
5426
5429
5435
5441
5443
5445
5446
5448
5451
5453
5457
5460
5461
5464
5466
5469
5471
5472
5481
5483
5484
5486
5487
5490
5491
5496
5498
5501
5504
5507
5509
5513
5514
5516
5518
5520
5521
5524
5527
5532
5535
5536
5538
5540
5541
5546
5548
5557
5564
5568
5569
5572
5574
5577
5579
5582
5584
5585
5588
5589
5592
5594
5596
5597
5599
5600
5602
5610
5614
5615
5621
5625
5627
5628
5630
5632
5633
5637
5640
5642
5644
5647
5648
5651
5653
5654
5659
5660
5662
5666
5669
5670
5672
5678
5681
5682
5686
5688
5690
5692
5693
5700
5703
5706
5710
5712
5717
5718
5724
5725
5727
5729
5736
5737
5739
5740
5742
5744
5748
5750
5753
5755
5759
5767
5769
5770
5781
5783
5785
5786
5789
5790
5792
5794
5796
5799
5803
5806
5807
5812
5813
5818
5819
5822
5823
5826
5827
5834
5843
5846
5847
5849
5851
5853
5855
5857
5858
5862
5864
5866
5870
5873
5885
5890
5891
5894
5895
5899
5901
5903
5905
5906
5909
5910
5913
5914
5916
5919
5921
5923
5929
5933
5934
5939
5942
5943
5946
5950
5959
5961
5965
5967
5968
5975
5979
5980
5989
5991
5994
5996
5999
6001
6002
6005
6007
6008
6010
6011
6013
6014
6019
6023
6028
6029
6035
6037
6039
6041
6047
6051
6055
6057
6059
6070
6071
6074
6080
6082
6084
6085
6087
6089
6091
6095
6097
6100
6103
6107
6109
6111
6117
6119
6120
6124
6125
6127
6129
6130
6133
6134
6136
6137
6147
6150
6152
6153
6157
6158
6162
6163
6166
6168
6169
6171
6173
6174
6176
6178
6180
6184
6187
6189
6193
6195
6198
6200
6201
6204
6205
6207
6210
6214
6215
6223
6225
6229
6231
6232
6237
6240
6243
6247
6248
6260
6261
6263
6267
6269
6271
6277
6283
6287
6292
6293
6298
6300
6303
6304
6312
6314
6316
6317
6319
6320
6325
6328
6330
6332
6335
6337
6340
6342
6346
6349
6356
6357
6361
6363
6365
6368
6370
6371
6376
6381
6383
6385
6388
6389
6392
6393
6395
6399
6400
6403
6405
6407
6408
6410
6411
6419
6420
6424
6425
6428
6429
6431
6433
6442
6443
6445
6447
6449
6452
6453
6456
6457
6461
6464
6469
6470
6475
6477
6478
6482
6484
6487
6489
6491
6495
6497
6499
6500
6507
6508
6510
6511
6514
6518
6520
6525
6528
6529
6532
6533
6536
6539
6542
6544
6547
6550
6551
6554
6555
6557
6559
6563
6564
6567
6569
6573
6579
6580
6583
6584
6587
6588
6590
6592
6593
6595
6598
6600
6602
6603
6606
6610
6615
6617
6621
6623
6625
6628
6630
6633
6636
6640
6643
6644
6647
6648
6652
6653
6657
6666
6670
6671
6676
6679
6682
6683
6686
6688
6693
6702
6705
6707
6710
6711
6714
6715
6718
6720
6723
6728
6731
6733
6739
6741
6744
6747
6749
6750
6752
6754
6758
6759
6765
6769
6778
6780
6781
6783
6785
6791
6793
6797
6798
6802
6804
6807
6809
6811
6813
6815
6816
6821
6823
6826
6828
6834
6835
6837
6841
6845
6846
6848
6852
6855
6856
6859
6861
6863
6865
6867
6868
6870
6871
6873
6874
6876
6878
6881
6890
6896
6897
6899
6903
6905
6908
6912
6914
6916
6918
6919
6921
6922
6925
6926
6929
6931
6936
6937
6939
6940
6946
6949
6950
6953
6954
6957
6959
6961
6967
6971
6979
6981
6992
6995
6996
6999
7002
7010
7011
7014
7026
7034
7035
7037
7039
7048
7052
7054
7057
7058
7060
7061
7063
7067
7074
7084
7086
7089
7093
7095
7096
7099
7100
7103
7105
7107
7112
7113
7118
7121
7123
7124
7127
7130
7135
7137
7138
7140
7141
7148
7150
7159
7161
7168
7170
7172
7174
7182
7185
7186
7189
7195
7202
7204
7209
7212
7214
7217
7220
7222
7226
7229
7236
7242
7244
7247
7252
7255
7257
7258
7260
7263
7268
7273
7274
7276
7277
7279
7286
7290
7292
7303
7314
7319
7320
7323
7326
7327
7329
7331
7332
7339
7341
7342
7349
7350
7356
7358
7359
7364
7366
7369
7371
7376
7377
7379
7381
7384
7386
7388
7391
7392
7399
7401
7404
7405
7408
7410
7413
7416
7419
7421
7424
7426
7430
7437
7438
7443
7447
7450
7456
7460
7463
7465
7466
7469
7470
7474
7475
7483
7487
7492
7493
7504
7506
7515
7517
7520
7524
7527
7530
7532
7534
7536
7538
7540
7542
7545
7551
7552
7555
7556
7559
7560
7569
7573
7575
7577
7579
7586
7587
7590
7591
7593
7594
7598
7602
7603
7607
7609
7615
7616
7618
7619
7621
7622
7625
7626
7628
7629
7633
7634
7637
7639
7642
7644
7648
7650
7652
7654
7656
7657
7659
7660
7663
7664
7667
7668
7671
7673
7676
7677
7680
7681
7686
7693
7695
7696
7703
7705
7706
7709
7711
7713
7716
7717
7720
7723
7727
7730
7734
7736
7737
7739
7740
7749
7751
7753
7754
7757
7759
7760
7764
7767
7770
7771
7778
7780
7785
7786
7789
7790
7793
7794
7800
7801
7805
7806
7810
7813
7819
7821
7824
7825
7831
7833
7847
7850
7851
7856
7863
7865
7866
7868
7869
7873
7875
7878
7879
7883
7884
7889
7890
7893
7895
7896
7908
7910
7912
7917
7919
7922
7924
7929
7930
7933
7936
7938
7948
7950
7951
7953
7954
7956
7959
7965
7967
7973
7975
7979
7981
7983
7986
7988
7990
7992
7993
7995
7999
8000
8007
8013
8022
8023
8026
8027
8035
8038
8041
8042
8045
8046
8048
8049
8051
8053
8055
8059
8061
8062
8064
8069
8075
8076
8078
8080
8084
8085
8093
8095
8097
8098
8100
8106
8112
8113
8116
8118
8123
8124
8130
8132
8133
8141
8143
8151
8152
8156
8157
8159
8166
8173
8174
8176
8177
8180
8181
8186
8189
8191
8192
8195
8197
8200
8201
8203
8204
8207
8211
8213
8222
8224
8225
8228
8232
8241
8242
8246
8247
8250
8251
8256
8259
8264
8265
8267
8269
8271
8273
8275
8278
8283
8287
8291
8294
8295
8303
8305
8309
8310
8313
8314
8323
8324
8330
8334
8335
8337
8341
8345
8348
8349
8352
8354
8356
8359
8362
8364
8366
8368
8372
8373
8376
8378
8379
8382
8384
8387
8389
8392
8396
8397
8400
8402
8406
8408
8414
8421
8425
8429
8431
8433
8434
8439
8440
8446
8447
8449
8451
8456
8458
8459
8461
8463
8467
8470
8474
8477
8478
8483
8484
8486
8488
8489
8493
8494
8497
8498
8507
8508
8513
8514
8523
8524
8529
8530
8536
8539
8542
8545
8546
8550
8557
8559
8561
8562
8564
8571
8574
8575
8577
8579
8581
8583
8585
8586
8590
8592
8594
8597
8598
8605
8609
8616
8621
8624
8626
8627
8629
8631
8632
8635
8636
8640
8641
8648
8649
8655
8659
8661
8663
8666
8668
8671
8673
8674
8676
8678
8682
8684
8687
8688
8690
8693
8695
8699
8701
8707
8709
8712
8716
8717
8720
8722
8724
8726
8728
8731
8732
8735
8736
8741
8744
8747
8749
8754
8755
8757
8758
8762
8766
8771
8775
8778
8781
8782
8789
8790
8794
8796
8802
8804
8805
8809
8812
8816
8817
8821
8823
8824
8826
8828
8829
8834
8835
8837
8841
8847
8851
8853
8857
8859
8860
8864
8866
8868
8871
8873
8874
8878
8879
8881
8883
8885
8886
8890
8891
8895
8899
8902
8904
8905
8907
8908
8913
8914
8918
8920
8923
8927
8931
8933
8935
8938
8940
8946
8948
8950
8954
8957
8964
8969
8971
8973
8974
8978
8982
8986
8987
8989
8991
8994
8997
8998
9005
9006
9009
9011
9012
9015
9016
9019
9021
9023
9024
9027
9029
9032
9034
9038
9040
9043
9045
9048
9049
9052
9055
9058
9060
9064
9068
9072
9075
9078
9081
9084
9086
9088
9091
9098
9102
9103
9107
9108
9110
9112
9114
9119
9120
9122
9124
9125
9130
9135
9137
9140
9142
9144
9147
9148
9152
9156
9158
9159
9163
9166
9175
9178
9186
9189
9190
9194
9196
9197
9205
9207
9211
9215
9216
9218
9219
9222
9223
9227
9228
9232
9234
9240
9242
9250
9253
9255
9257
9259
9260
9265
9267
9270
9271
9274
9277
9279
9282
9284
9287
9290
9292
9296
9297
9299
9300
9303
9304
9308
9311
9312
9314
9317
9318
9322
9323
9326
9328
9331
9332
9335
9336
9339
9341
9343
9346
9349
9352
9355
9360
9362
9363
9366
9368
9370
9371
9374
9376
9379
9380
9385
9388
9390
9391
9396
9397
9401
9402
9405
9406
9410
9411
9421
9423
9425
9427
9430
9431
9434
9442
9446
9448
9449
9451
9453
9458
9460
9462
9466
9467
9472
9476
9480
9482
9484
9487
9490
9492
9494
9495
9497
9498
9505
9506
9510
9512
9522
9524
9528
9530
9532
9534
9535
9537
9539
9541
9544
9545
9550
9551
9555
9556
9559
9561
9565
9568
9570
9573
9574
9579
9580
9582
9584
9586
9589
9590
9593
9594
9596
9597
9599
9600
9603
9604
9607
9609
9612
9613
9616
9618
9626
9627
9637
9638
9644
9646
9650
9655
9656
9658
9662
9665
9669
9670
9672
9677
9680
9681
9683
9686
9689
9693
9694
9699
9701
9702
9705
9706
9708
9709
9711
9714
9723
9725
9731
9734
9737
9739
9741
9742
9744
9745
9753
9755
9756
9760
9764
9767
9769
9770
9773
9775
9776
9778
9782
9785
9787
9789
9790
9794
9795
9798
9800
9802
9803
9806
9808
9811
9812
9814
9815
9818
9819
9821
9825
9834
9836
9838
9841
9842
9848
9851
9856
9859
9867
9868
9874
9877
9879
9882
9885
9886
9891
9893
9896
9897
9901
9903
9906
9908
9909
9912
9913
9915
9921
9923
9924
9926
9927
9929
9932
9934
9938
9940
9941
9943
9944
9948
9950
9953
9957
9968
9971
9973
9982
9985
9988
9989
9995
9999
10001
Closing down connection...
