5
6
8
11
13
14
18
23
25
29
31
32
34
35
39
40
42
45
50
53
55
57
62
63
66
67
71
73
75
76
78
80
85
86
103
105
109
112
117
118
121
122
124
125
127
132
134
135
137
140
141
146
148
150
151
162
164
169
171
173
180
183
184
186
190
192
195
199
201
214
218
221
223
226
227
229
236
240
245
246
252
253
256
260
263
265
271
275
277
282
285
292
295
298
301
302
306
307
309
311
312
315
317
318
320
328
332
334
336
338
341
343
344
349
352
357
358
361
362
365
366
373
376
378
379
381
387
391
392
395
396
399
406
408
409
413
414
417
418
420
421
424
427
436
440
441
444
445
449
451
454
456
460
462
464
466
469
470
472
473
475
478
481
482
488
489
493
502
504
507
509
512
516
517
519
520
522
525
529
531
533
538
542
544
546
552
553
556
561
563
565
569
572
575
576
578
580
583
584
586
588
591
592
595
597
608
610
615
617
620
622
623
625
627
628
635
637
644
647
648
653
655
657
660
662
666
668
671
676
678
680
681
689
690
692
693
704
707
711
716
718
720
725
735
738
739
741
742
748
753
758
759
764
769
771
772
774
777
783
784
798
800
801
807
808
814
818
824
826
828
829
832
833
836
837
840
841
845
846
852
853
856
857
859
861
863
864
867
872
877
886
892
894
896
900
903
904
907
909
911
914
915
918
921
924
926
927
930
937
941
942
944
950
953
957
960
961
963
964
968
970
972
978
980
984
987
993
994
996
998
1002
1004
1007
1014
1016
1020
1023
1025
1027
1031
1034
1035
1039
1041
1048
1049
1052
1057
1067
1068
1070
1072
1074
1075
1078
1086
1095
1099
1106
1107
1110
1111
1117
1118
1121
1122
1127
1131
1137
1139
1141
1144
1149
1150
1152
1160
1162
1163
1170
1175
1177
1181
1185
1186
1188
1189
1191
1193
1194
1198
1200
1201
1204
1212
1216
1218
1221
1223
1225
1226
1233
1236
1237
1240
1242
1244
1246
1247
1250
1252
1258
1262
1265
1266
1274
1275
1278
1279
1281
1284
1289
1290
1293
1295
1297
1300
1301
1303
1304
1308
1309
1317
1319
1321
1322
1325
1331
1333
1335
1338
1344
1347
1348
1351
1353
1354
1357
1361
1364
1368
1370
1371
1373
1375
1379
1380
1386
1391
1395
1396
1398
1399
1403
1405
1412
1415
1418
1422
1425
1428
1430
1434
1436
1437
1441
1447
1450
1452
1455
1458
1460
1461
1466
1467
1472
1473
1475
1476
1480
1483
1484
1486
1487
1490
1492
1495
1499
1504
1505
1508
1509
1514
1516
1517
1520
1522
1525
1528
1530
1532
1534
1536
1538
1540
1545
1547
1548
1550
1552
1555
1559
1560
1562
1563
1567
1569
1573
1575
1576
1579
1582
1587
1589
1592
1594
1595
1600
1601
1605
1607
1609
1612
1613
1615
1616
1621
1625
1627
1628
1631
1633
1634
1638
1640
1641
1643
1646
1649
1650
1652
1654
1657
1659
1660
1662
1663
1670
1671
1675
1677
1679
1681
1683
1685
1691
1694
1699
1700
1702
1704
1710
1715
1716
1719
1720
1722
1724
1725
1727
1728
1734
1738
1740
1749
1753
1756
1760
1766
1767
1773
1774
1776
1779
1783
1787
1790
1791
1795
1797
1799
1804
1806
1808
1809
1811
1812
1816
1817
1820
1821
1825
1828
1830
1835
1840
1842
1843
1847
1851
1854
1858
1861
1862
1867
1869
1872
1875
1876
1879
1881
1884
1886
1888
1890
1892
1895
1898
1899
1905
1907
1909
1913
1917
1918
1920
1923
1931
1932
1934
1935
1940
1942
1945
1947
1949
1951
1952
1956
1958
1960
1961
1964
1965
1969
1974
1976
1977
1980
1982
1983
1985
1988
1992
1996
1997
2001
2002
2011
2013
2017
2018
2022
2025
2027
2029
2033
2034
2039
2043
2045
2046
2051
2052
2055
2058
2059
2063
2065
2068
2070
2071
2074
2075
2078
2082
2089
2092
2095
2096
2100
2101
2103
2106
2113
2114
2119
2120
2124
2126
2127
2130
2132
2134
2137
2140
2142
2145
2146
2148
2151
2152
2156
2159
2162
2164
2168
2169
2171
2172
2177
2178
2181
2182
2188
2189
2191
2195
2196
2201
2206
2208
2209
2211
2214
2219
2220
2222
2228
2233
2234
2236
2237
2240
2243
2246
2247
2251
2252
2254
2259
2262
2263
2267
2269
2272
2273
2277
2279
2281
2282
2286
2288
2289
2292
2293
2295
2299
2302
2303
2307
2308
2311
2313
2322
2323
2329
2333
2342
2348
2350
2351
2353
2355
2360
2361
2363
2364
2366
2367
2373
2374
2377
2379
2384
2386
2388
2390
2391
2395
2397
2400
2404
2407
2412
2414
2416
2418
2420
2423
2427
2428
2430
2432
2436
2438
2439
2441
2448
2450
2451
2455
2458
2462
2463
2467
2473
2476
2477
2479
2482
2484
2488
2490
2493
2495
2497
2501
2504
2507
2508
2511
2513
2516
2521
2523
2526
2527
2530
2531
2539
2541
2543
2544
2546
2547
2555
2557
2560
2561
2564
2565
2567
2569
2571
2573
2576
2577
2581
2584
2586
2587
2589
2591
2592
2594
2596
2599
2600
2603
2605
2609
2611
2613
2614
2616
2617
2621
2624
2626
2628
2632
2633
2637
2638
2643
2645
2647
2649
2651
2654
2656
2658
2660
2661
2665
2667
2669
2672
2675
2686
2690
2692
2696
2701
2703
2704
2711
2714
2717
2719
2723
2724
2733
2734
2736
2741
2743
2747
2750
2752
2754
2756
2759
2761
2763
2767
2769
2774
2777
2783
2786
2788
2791
2794
2799
2801
2803
2804
2806
2807
2809
2811
2813
2814
2818
2819
2824
2828
2831
2832
2835
2836
2840
2841
2845
2848
2850
2855
2865
2866
2873
2880
2883
2891
2893
2895
2900
2902
2904
2906
2907
2909
2911
2914
2916
2917
2921
2922
2924
2926
2930
2935
2938
2940
2953
2954
2958
2959
2971
2972
2974
2976
2984
2985
2987
2988
2990
2992
2999
3000
3010
3011
3015
3017
3020
3022
3023
3025
3029
3031
3032
3036
3038
3042
3043
3048
3050
3053
3059
3061
3065
3068
3070
3072
3074
3077
3079
3082
3091
3092
3095
3096
3098
3099
3105
3106
3112
3115
3118
3122
3123
3131
3132
3137
3138
3142
3144
3146
3147
3150
3151
3155
3157
3160
3162
3164
3167
3169
3171
3172
3174
3179
3182
3186
3189
3191
3194
3198
3199
3201
3204
3208
3209
3211
3215
3216
3218
3219
3222
3223
3225
3228
3232
3235
3245
3248
3250
3255
3258
3260
3261
3263
3264
3266
3270
3272
3273
3283
3286
3287
3291
3293
3297
3299
3302
3304
3306
3307
3311
3313
3314
3316
3318
3319
3322
3327
3333
3335
3341
3345
3353
3355
3357
3360
3362
3364
3367
3368
3378
3380
3383
3384
3393
3395
3401
3403
3405
3406
3409
3411
3413
3417
3422
3425
3426
3430
3432
3437
3438
3441
3444
3445
3447
3448
3452
3455
3460
3461
3463
3464
3468
3469
3472
3474
3476
3477
3479
3480
3486
3487
3492
3493
3498
3502
3503
3505
3506
3508
3509
3512
3514
3516
3523
3526
3529
3534
3535
3540
3544
3546
3550
3552
3554
3558
3561
3565
3566
3570
3571
3574
3578
3580
3581
3583
3585
3588
3591
3592
3595
3601
3605
3606
3611
3612
3614
3633
3637
3638
3644
3645
3649
3653
3657
3664
3671
3677
3682
3684
3687
3691
3694
3697
3698
3701
3702
3707
3708
3712
3713
3717
3718
3720
3721
3723
3729
3731
3735
3737
3740
3743
3746
3751
3755
3758
3759
3764
3769
3772
3774
3778
3780
3781
3786
3789
3793
3795
3797
3799
3806
3810
3811
3814
3817
3821
3822
3828
3829
3831
3837
3842
3843
3845
3848
3851
3852
3855
3861
3864
3867
3871
3872
3876
3878
3882
3883
3888
3889
3893
3896
3900
3902
3903
3905
3907
3918
3920
3922
3925
3932
3933
3937
3938
3941
3942
3946
3947
3950
3953
3955
3956
3959
3961
3967
3970
3972
3976
3980
3981
3984
3985
3988
3989
3993
3996
4000
4002
4004
4006
4007
4010
4013
4018
4021
4023
4028
4033
4038
4041
4044
4047
4050
4051
4054
4055
4058
4061
4062
4065
4067
4070
4071
4074
4082
4084
4085
4087
4090
4093
4094
4097
4098
4106
4108
4111
4113
4116
4117
4121
4125
4127
4128
4132
4133
4135
4137
4138
4142
4144
4146
4148
4152
4153
4155
4156
4158
4160
4163
4164
4169
4171
4173
4175
4179
4182
4185
4186
4188
4189
4192
4194
4197
4201
4205
4208
4211
4215
4218
4220
4223
4224
4240
4242
4248
4249
4251
4253
4254
4262
4264
4270
4271
4274
4276
4279
4284
4287
4292
4293
4296
4299
4301
4305
4309
4310
4313
4314
4318
4321
4323
4324
4326
4329
4332
4334
4335
4341
4345
4348
4350
4355
4356
4361
4362
4365
4366
4370
4374
4376
4380
4381
4390
4392
4393
4408
4409
4412
4415
4416
4418
4419
4424
4427
4429
4432
4433
4435
4436
4439
4440
4442
4445
4451
4453
4458
4463
4464
4468
4469
4473
4475
4478
4481
4487
4490
4493
4495
4497
4498
4501
4503
4509
4510
4516
4518
4521
4527
4529
4531
4535
4539
4542
4548
4551
4552
4557
4558
4562
4563
4568
4569
4574
4575
4579
4582
4583
4586
4592
4596
4603
4608
4610
4611
4613
4614
4618
4620
4624
4625
4627
4629
4631
4638
4641
4643
4648
4649
4654
4657
4659
4661
4664
4665
4667
4668
4672
4673
4678
4681
4683
4686
4688
4691
4692
4695
4697
4703
4705
4707
4709
4712
4713
4720
4730
4732
4734
4736
4738
4740
4741
4747
4748
4750
4751
4754
4755
4757
4758
4763
4764
4769
4770
4772
4773
4776
4781
4784
4789
4791
4794
4796
4798
4802
4806
4809
4810
4815
4816
4822
4823
4825
4827
4829
4840
4841
4846
4847
4850
4851
4855
4857
4860
4863
4866
4867
4870
4873
4878
4881
4882
4885
4889
4891
4894
4898
4900
4902
4903
4906
4907
4910
4911
4913
4914
4916
4917
4920
4921
4924
4926
4929
4930
4933
4935
4940
4942
4945
4946
4955
4957
4960
4962
4963
4967
4968
4970
4972
4982
4985
4987
4991
4992
4997
4998
5001
5002
5011
5013
5014
5016
5018
5021
5022
5024
5025
5028
5029
5031
5033
5034
5037
5039
5050
5052
5057
5059
5063
5065
5069
5077
5079
5082
5086
5088
5091
5093
5095
5097
5102
5104
5107
5109
5111
5112
5114
5116
5117
5120
5123
5125
5126
5130
5133
5135
5140
5143
5144
5147
5148
5151
5153
5154
5161
5163
5164
5166
5168
5169
5173
5177
5180
5183
5184
5186
5188
5189
5194
5196
5197
5205
5207
5209
5211
5213
5215
5216
5225
5227
5228
5230
5234
5236
5238
5241
5242
5244
5245
5250
5251
5253
5254
5256
5260
5264
5266
5269
5271
5274
5276
5278
5282
5283
5285
5294
5296
5299
5305
5306
5308
5309
5312
5316
5318
5319
5321
5322
5325
5326
5329
5330
5333
5337
5338
5344
5345
5348
5349
5357
5358
5363
5365
5368
5369
5372
5374
5376
5378
5380
5382
5386
5389
5392
5400
5401
5403
5404
5406
5407
5411
5414
5416
5418
5422
5423
5426
5429
5433
5435
5437
5438
5445
5448
5452
5454
5456
5458
5462
5463
5466
5469
5471
5472
5475
5476
5478
5481
5482
5491
5492
5496
5498
5501
5504
5506
5509
5511
5513
5514
5517
5519
5522
5525
5528
5531
5534
5535
5538
5542
5543
5549
5550
5552
5555
5557
5565
5567
5571
5575
5580
5582
5584
5585
5587
5588
5598
5599
5603
5604
5606
5607
5611
5615
5622
5625
5627
5628
5630
5631
5636
5638
5641
5646
5650
5651
5653
5654
5659
5660
5663
5665
5668
5669
5672
5675
5680
5683
5685
5687
5688
5690
5693
5695
5699
5704
5707
5710
5713
5717
5719
5721
5723
5724
5731
5733
5734
5737
5744
5749
5752
5754
5755
5758
5760
5762
5763
5767
5768
5776
5779
5781
5783
5787
5790
5792
5794
5795
5801
5803
5805
5806
5808
5811
5812
5819
5820
5822
5823
5833
5838
5841
5844
5846
5847
5849
5850
5853
5858
5861
5864
5868
5870
5872
5873
5875
5876
5880
5882
5885
5887
5889
5893
5895
5901
5907
5909
5910
5912
5914
5915
5921
5923
5925
5928
5930
5932
5935
5937
5939
5948
5949
5955
5957
5963
5965
5966
5968
5972
5978
5981
5983
5985
5988
5990
5997
5998
6007
6014
6018
6027
6030
6032
6035
6038
6039
6041
6042
6046
6049
6053
6054
6057
6058
6061
6062
6065
6070
6073
6075
6076
6080
6082
6085
6089
6091
6092
6098
6100
6103
6104
6116
6118
6123
6124
6128
6130
6131
6134
6136
6138
6139
6141
6148
6151
6152
6156
6157
6159
6161
6163
6165
6169
6171
6173
6176
6179
6180
6183
6185
6187
6189
6193
6197
6201
6202
6204
6205
6214
6218
6225
6226
6230
6231
6233
6235
6240
6243
6245
6247
6251
6252
6257
6259
6263
6264
6268
6270
6274
6276
6277
6280
6282
6284
6287
6289
6291
6299
6301
6302
6305
6312
6314
6316
6318
6320
6321
6324
6325
6327
6330
6331
6333
6336
6338
6339
6341
6342
6344
6346
6351
6353
6356
6358
6359
6366
6372
6374
6377
6380
6383
6385
6387
6391
6394
6396
6398
6400
6402
6405
6406
6409
6412
6416
6420
6423
6425
6426
6429
6430
6435
6436
6447
6448
6451
6454
6459
6461
6463
6464
6472
6473
6478
6480
6481
6485
6486
6488
6489
6492
6493
6496
6500
6510
6511
6518
6520
6522
6524
6529
6533
6534
6541
6542
6545
6546
6548
6549
6552
6554
6555
6557
6559
6561
6571
6572
6574
6575
6578
6579
6584
6585
6587
6590
6592
6595
6596
6600
6602
6611
6618
6620
6631
6633
6634
6637
6639
6641
6644
6648
6649
6654
6655
6661
6664
6666
6667
6669
6670
6673
6674
6677
6679
6682
6693
6695
6696
6700
6705
6707
6708
6714
6717
6719
6720
6725
6728
6730
6734
6739
6741
6743
6745
6746
6751
6753
6760
6762
6764
6768
6769
6772
6773
6781
6786
6791
6792
6796
6799
6801
6804
6806
6810
6812
6819
6820
6827
6828
6831
6833
6835
6837
6839
6841
6842
6844
6851
6855
6858
6862
6865
6867
6869
6871
6874
6879
6883
6885
6886
6890
6896
6899
6900
6902
6904
6906
6908
6911
6913
6921
6923
6924
6926
6928
6933
6934
6936
6939
6942
6943
6946
6948
6949
6952
6953
6955
6964
6966
6967
6974
6975
6977
6979
6982
6983
6986
6988
6990
6993
6996
6998
6999
7003
7004
7006
7007
7015
7021
7023
7027
7031
7032
7037
7041
7044
7045
7052
7054
7057
7060
7064
7067
7070
7071
7073
7076
7078
7084
7087
7088
7090
7093
7095
7097
7101
7102
7105
7108
7110
7112
7113
7116
7118
7121
7123
7124
7127
7130
7132
7136
7138
7140
7142
7144
7146
7149
7150
7156
7157
7162
7163
7166
7170
7172
7173
7175
7178
7179
7186
7187
7189
7190
7192
7196
7197
7202
7204
7208
7212
7213
7216
7217
7219
7220
7224
7225
7229
7236
7238
7240
7242
7248
7250
7251
7256
7258
7262
7266
7268
7270
7273
7278
7279
7281
7282
7284
7286
7288
7289
7291
7293
7297
7300
7302
7304
7307
7309
7311
7313
7316
7318
7322
7323
7326
7334
7337
7340
7348
7351
7355
7357
7358
7361
7363
7365
7366
7370
7374
7379
7381
7384
7389
7391
7402
7403
7406
7408
7414
7415
7418
7423
7436
7437
7441
7442
7456
7462
7464
7466
7470
7473
7476
7477
7479
7480
7483
7486
7488
7492
7493
7496
7498
7500
7502
7515
7519
7521
7524
7525
7534
7535
7538
7539
7543
7547
7552
7556
7558
7561
7562
7565
7570
7577
7580
7581
7583
7584
7587
7592
7595
7597
7599
7601
7603
7604
7607
7609
7611
7613
7614
7616
7621
7624
7626
7630
7631
7641
7642
7645
7647
7650
7651
7656
7657
7660
7661
7666
7667
7669
7672
7673
7675
7677
7680
7682
7685
7687
7688
7691
7696
7699
7700
7704
7706
7709
7710
7714
7717
7721
7723
7726
7730
7732
7736
7738
7741
7742
7745
7746
7750
7751
7757
7767
7772
7774
7778
7780
7781
7783
7784
7787
7789
7794
7796
7800
7801
7805
7806
7808
7810
7811
7821
7823
7827
7829
7830
7835
7836
7840
7842
7855
7856
7861
7863
7864
7867
7872
7874
7875
7879
7880
7883
7884
7887
7888
7890
7892
7894
7897
7900
7902
7904
7913
7915
7916
7918
7921
7922
7929
7930
7932
7934
7937
7938
7940
7942
7943
7949
7950
7952
7953
7956
7957
7961
7965
7967
7971
7973
7974
7983
7984
7987
7989
7999
8009
8015
8017
8018
8023
8026
8029
8031
8032
8034
8038
8039
8047
8050
8052
8054
8057
8059
8067
8070
8071
8075
8077
8082
8087
8093
8097
8098
8101
8105
8108
8110
8111
8116
8118
8120
8122
8124
8127
8130
8134
8141
8143
8149
8151
8153
8157
8159
8160
8164
8165
8167
8168
8170
8173
8174
8177
8178
8180
8184
8185
8187
8188
8190
8191
8194
8196
8206
8207
8209
8211
8216
8218
8221
8223
8227
8228
8230
8233
8235
8237
8240
8242
8243
8249
8250
8254
8257
8259
8260
8263
8264
8266
8267
8271
8272
8276
8279
8281
8282
8285
8286
8289
8291
8295
8298
8300
8301
8311
8313
8320
8321
8326
8327
8329
8330
8334
8335
8338
8340
8342
8344
8349
8351
8353
8355
8357
8358
8360
8362
8363
8370
8371
8373
8374
8376
8377
8381
8383
8385
8387
8391
8395
8398
8400
8402
8406
8409
8416
8417
8419
8420
8423
8426
8430
8431
8436
8439
8440
8442
8444
8447
8451
8453
8458
8459
8463
8466
8468
8469
8471
8472
8476
8478
8481
8484
8497
8501
8504
8506
8508
8512
8514
8518
8520
8522
8525
8527
8530
8534
8536
8540
8542
8543
8545
8547
8552
8554
8557
8559
8561
8562
8567
8571
8573
8575
8577
8578
8582
8583
8585
8587
8591
8593
8602
8606
8609
8611
8613
8617
8622
8628
8631
8636
8642
8644
8645
8649
8651
8653
8656
8658
8662
8664
8671
8674
8677
8678
8680
8681
8693
8695
8697
8699
8706
8708
8711
8713
8714
8719
8721
8725
8727
8728
8730
8732
8734
8737
8742
8744
8746
8753
8755
8759
8760
8762
8765
8768
8777
8780
8781
8784
8786
8787
8789
8790
8795
8796
8798
8800
8802
8804
8811
8814
8820
8824
8826
8829
8831
8832
8835
8837
8841
8845
8848
8849
8859
8864
8867
8868
8874
8877
8880
8881
8884
8885
8889
8893
8894
8899
8902
8906
8907
8909
8910
8913
8915
8917
8918
8920
8924
8929
8932
8936
8937
8939
8941
8943
8945
8947
8953
8957
8963
8968
8972
8976
8978
8981
8982
8984
8986
8989
8990
8993
8998
9000
9005
9008
9010
9012
9013
9017
9023
9025
9026
9028
9029
9034
9036
9039
9040
9047
9050
9052
9054
9058
9064
9066
9070
9073
9074
9079
9082
9084
9087
9090
9094
9096
9098
9099
9101
9104
9106
9110
9112
9114
9126
9131
9132
9134
9138
9143
9147
9152
9154
9156
9166
9169
9171
9174
9177
9180
9183
9187
9189
9191
9193
9200
9201
9206
9211
9215
9217
9220
9222
9224
9225
9228
9230
9234
9237
9241
9242
9245
9249
9251
9255
9256
9259
9262
9263
9267
9268
9274
9278
9280
9282
9285
9286
9288
9289
9299
9305
9307
9309
9311
9312
9315
9320
9324
9325
9330
9331
9334
9337
9339
9340
9343
9345
9346
9350
9352
9353
9365
9366
9369
9371
9381
9383
9385
9388
9393
9394
9396
9397
9400
9403
9405
9408
9409
9411
9412
9415
9416
9418
9419
9427
9429
9431
9432
9436
9437
9439
9441
9443
9447
9448
9452
9454
9456
9458
9460
9462
9464
9468
9469
9471
9473
9476
9478
9481
9483
9484
9487
9489
9491
9496
9499
9501
9503
9504
9509
9510
9512
9516
9521
9522
9524
9525
9528
9534
9537
9540
9542
9543
9546
9548
9549
9552
9553
9555
9556
9558
9559
9561
9562
9571
9572
9576
9577
9586
9587
9589
9592
9593
9595
9598
9600
9603
9606
9611
9615
9617
9618
9620
9622
9626
9627
9631
9632
9638
9641
9651
9653
9655
9657
9659
9660
9665
9667
9668
9670
9671
9674
9675
9678
9679
9684
9685
9687
9688
9690
9691
9693
9695
9697
9700
9705
9706
9708
9709
9712
9714
9717
9723
9727
9729
9731
9733
9738
9745
9749
9751
9754
9755
9758
9760
9762
9763
9767
9769
9773
9777
9779
9781
9784
9789
9790
9794
9795
9797
9801
9802
9805
9806
9808
9809
9811
9812
9814
9815
9818
9820
9823
9824
9827
9828
9830
9831
9834
9835
9840
9842
9844
9850
9853
9854
9857
9861
9863
9870
9872
9873
9876
9878
9881
9882
9884
9886
9887
9889
9890
9893
9895
9905
9914
9916
9918
9924
9928
9930
9931
9940
9942
9944
9946
9950
9953
9958
9965
9966
9969
9971
9974
9975
9979
9984
9987
9988
9994
9996
9998
10000
Closing down connection...
