4
6
9
11
15
18
20
23
26
32
36
40
44
46
48
52
60
63
65
67
73
78
81
83
87
89
93
96
98
103
104
111
116
118
120
123
125
132
134
136
139
142
144
147
149
151
153
155
157
159
166
169
173
174
177
178
181
182
185
187
189
196
198
201
204
212
213
219
222
225
228
230
232
234
236
238
243
246
248
250
254
257
259
261
263
269
271
275
277
280
281
285
287
291
293
296
298
301
303
307
308
311
313
316
322
325
329
330
333
335
339
342
346
349
351
354
356
359
362
364
367
372
374
376
385
391
400
402
406
409
411
415
424
427
428
432
437
441
443
447
448
452
456
463
465
468
470
476
479
483
485
489
491
494
495
500
502
507
508
510
513
514
519
522
527
529
535
537
539
552
555
559
562
565
567
573
577
580
582
585
588
590
594
596
604
606
608
610
614
617
620
623
626
628
630
634
638
639
643
644
649
653
658
662
664
666
668
673
675
683
690
694
695
702
705
709
710
715
716
719
721
723
726
729
731
733
736
741
745
746
753
757
758
763
765
769
773
776
777
780
785
789
791
795
797
801
803
809
810
813
815
820
822
826
830
834
838
839
841
844
847
848
855
856
861
863
867
870
879
882
883
888
893
899
901
904
906
908
911
916
918
920
922
925
929
933
936
938
940
942
955
956
959
961
963
965
969
970
975
978
979
981
983
988
989
995
1003
1009
1010
1012
1015
1016
1020
1021
1033
1037
1041
1046
1047
1054
1055
1058
1060
1065
1066
1070
1071
1076
1077
1086
1088
1093
1096
1099
1101
1105
1106
1108
1110
1118
1122
1123
1127
1129
1131
1134
1141
1142
1146
1149
1151
1153
1155
1158
1159
1162
1169
1173
1175
1179
1188
1191
1193
1195
1201
1203
1209
1210
1213
1215
1219
1223
1225
1227
1229
1235
1239
1241
1244
1245
1247
1250
1251
1258
1261
1262
1266
1267
1270
1271
1274
1277
1281
1289
1294
1297
1301
1307
1308
1315
1316
1318
1320
1324
1326
1332
1334
1336
1338
1341
1342
1347
1348
1350
1352
1356
1358
1361
1363
1365
1367
1371
1373
1377
1380
1382
1386
1387
1389
1393
1394
1397
1401
1406
1408
1410
1413
1415
1418
1419
1425
1426
1430
1433
1435
1437
1441
1443
1446
1450
1452
1455
1458
1460
1464
1466
1469
1476
1481
1485
1487
1490
1494
1497
1498
1501
1505
1510
1514
1516
1518
1522
1524
1527
1532
1536
1539
1543
1545
1551
1553
1555
1559
1560
1562
1565
1566
1568
1570
1572
1575
1578
1580
1584
1585
1589
1597
1602
1603
1605
1608
1609
1612
1615
1619
1624
1627
1629
1634
1637
1642
1645
1650
1657
1659
1661
1663
1665
1667
1670
1673
1683
1685
1696
1697
1701
1703
1709
1715
1721
1722
1726
1727
1730
1731
1734
1735
1738
1739
1742
1745
1750
1752
1754
1758
1761
1764
1766
1770
1772
1774
1776
1778
1780
1782
1785
1787
1789
1791
1793
1796
1805
1809
1810
1814
1816
1819
1821
1823
1825
1829
1833
1838
1839
1843
1845
1847
1850
1855
1861
1862
1868
1870
1872
1874
1877
1883
1886
1888
1893
1898
1901
1903
1908
1912
1915
1917
1922
1923
1928
1932
1936
1939
1941
1944
1947
1951
1953
1957
1959
1963
1964
1971
1974
1977
1978
1981
1983
1992
1995
2005
2009
2011
2013
2021
2024
2027
2031
2033
2035
2037
2043
2044
2049
2051
2056
2059
2064
2066
2073
2075
2081
2086
2092
2094
2100
2101
2104
2106
2109
2113
2116
2117
2120
2121
2123
2126
2128
2130
2132
2134
2136
2138
2142
2144
2146
2148
2150
2153
2155
2158
2161
2164
2167
2171
2173
2178
2180
2183
2184
2189
2191
2194
2196
2200
2203
2208
2211
2216
2226
2230
2233
2241
2250
2255
2263
2265
2268
2270
2274
2277
2283
2284
2286
2289
2291
2293
2295
2299
2300
2303
2305
2307
2310
2313
2315
2318
2323
2326
2328
2330
2333
2334
2337
2339
2341
2347
2349
2352
2353
2356
2359
2361
2364
2369
2373
2375
2378
2380
2382
2384
2389
2391
2394
2396
2399
2400
2404
2408
2414
2416
2418
2421
2423
2425
2429
2432
2438
2441
2443
2445
2447
2450
2454
2457
2459
2465
2467
2474
2476
2479
2485
2489
2491
2494
2503
2510
2513
2516
2520
2523
2524
2535
2536
2539
2543
2550
2557
2559
2562
2564
2568
2571
2574
2577
2579
2584
2585
2587
2589
2592
2595
2599
2601
2603
2605
2607
2610
2612
2615
2617
2623
2624
2627
2628
2634
2636
2641
2643
2647
2651
2655
2657
2662
2665
2671
2674
2678
2680
2683
2684
2687
2689
2691
2693
2695
2697
2702
2704
2706
2710
2714
2715
2722
2725
2731
2733
2736
2737
2739
2741
2744
2745
2749
2750
2753
2754
2757
2759
2761
2763
2767
2769
2772
2775
2779
2781
2790
2792
2795
2797
2800
2807
2819
2821
2823
2830
2832
2837
2843
2848
2851
2855
2857
2860
2864
2866
2868
2874
2877
2881
2885
2887
2889
2891
2900
2902
2905
2906
2909
2913
2917
2920
2925
2935
2941
2948
2953
2957
2959
2962
2966
2970
2972
2980
2981
2984
2988
2991
2995
2996
2999
3002
3007
3010
3012
3016
3021
3025
3028
3031
3032
3035
3036
3039
3041
3044
3045
3053
3056
3058
3061
3063
3067
3071
3074
3077
3079
3081
3086
3088
3090
3094
3097
3099
3102
3105
3108
3110
3112
3115
3116
3123
3125
3128
3133
3136
3137
3139
3141
3144
3145
3148
3149
3153
3156
3157
3160
3162
3168
3169
3172
3173
3176
3188
3194
3198
3200
3202
3205
3209
3212
3218
3219
3222
3223
3227
3228
3231
3233
3238
3241
3245
3246
3249
3250
3252
3254
3258
3259
3263
3265
3270
3273
3275
3277
3281
3291
3299
3301
3304
3310
3313
3318
3319
3322
3325
3329
3332
3335
3339
3342
3344
3347
3349
3352
3353
3355
3357
3359
3364
3365
3369
3370
3372
3374
3377
3381
3383
3389
3393
3395
3398
3400
3402
3406
3410
3414
3418
3421
3422
3427
3429
3431
3433
3435
3439
3442
3444
3446
3451
3454
3456
3459
3461
3463
3467
3469
3478
3482
3484
3486
3488
3491
3496
3498
3502
3503
3505
3512
3513
3517
3520
3534
3537
3539
3544
3545
3549
3552
3554
3556
3560
3562
3569
3574
3577
3579
3584
3586
3595
3596
3607
3612
3616
3619
3621
3624
3626
3630
3633
3638
3640
3642
3648
3651
3658
3662
3664
3668
3670
3675
3678
3680
3683
3688
3693
3698
3702
3703
3707
3711
3714
3723
3728
3730
3733
3736
3737
3740
3745
3746
3749
3751
3758
3759
3761
3765
3768
3771
3774
3775
3778
3781
3784
3790
3793
3796
3800
3803
3804
3808
3809
3811
3814
3816
3819
3820
3824
3829
3833
3835
3839
3841
3845
3848
3850
3853
3855
3860
3863
3867
3870
3884
3885
3887
3889
3891
3894
3899
3903
3906
3909
3916
3917
3923
3924
3928
3930
3935
3938
3945
3948
3949
3952
3954
3962
3963
3969
3973
3983
3990
3992
3994
3997
4000
4008
4014
4019
4021
4026
4027
4029
4031
4035
4036
4039
4044
4046
4051
4053
4059
4064
4068
4071
4073
4077
4079
4084
4088
4091
4093
4104
4105
4107
4109
4114
4117
4122
4123
4129
4132
4138
4140
4143
4145
4149
4151
4159
4161
4167
4170
4172
4175
4178
4180
4183
4185
4188
4190
4193
4196
4197
4201
4202
4208
4213
4219
4224
4230
4233
4236
4240
4243
4245
4255
4256
4259
4260
4271
4272
4276
4286
4291
4297
4308
4310
4313
4319
4322
4324
4326
4334
4336
4340
4342
4346
4348
4351
4352
4356
4357
4360
4363
4365
4367
4369
4375
4378
4382
4385
4390
4396
4398
4401
4402
4408
4411
4414
4415
4418
4419
4423
4425
4427
4429
4432
4435
4437
4439
4442
4444
4449
4450
4453
4455
4460
4463
4465
4472
4476
4479
4481
4486
4488
4494
4495
4500
4502
4505
4507
4509
4511
4513
4526
4531
4533
4535
4539
4541
4543
4546
4550
4551
4554
4558
4560
4563
4565
4568
4569
4572
4573
4580
4583
4585
4587
4591
4592
4599
4602
4605
4609
4611
4613
4615
4618
4620
4622
4627
4629
4632
4634
4636
4644
4646
4650
4652
4655
4658
4660
4663
4664
4666
4670
4673
4692
4699
4706
4708
4711
4713
4719
4720
4725
4726
4730
4732
4737
4741
4744
4746
4749
4750
4757
4760
4762
4765
4768
4772
4773
4779
4781
4784
4787
4789
4791
4793
4796
4798
4804
4809
4812
4814
4817
4818
4823
4824
4827
4830
4835
4836
4840
4841
4845
4847
4849
4852
4853
4860
4861
4866
4869
4872
4874
4876
4879
4881
4884
4886
4891
4893
4896
4899
4902
4904
4908
4910
4912
4914
4921
4926
4928
4940
4941
4946
4947
4951
4955
4959
4962
4966
4968
4973
4975
4979
4982
4984
4987
4998
4999
5002
5003
5006
5008
5011
5012
5019
5020
5025
5027
5030
5032
5038
5039
5041
5043
5049
5054
5059
5063
5065
5071
5073
5081
5083
5090
5092
5096
5098
5102
5105
5109
5113
5115
5124
5126
5129
5130
5133
5134
5138
5141
5142
5147
5150
5157
5159
5169
5172
5174
5178
5180
5183
5184
5187
5191
5198
5200
5202
5204
5207
5209
5212
5215
5218
5224
5228
5229
5233
5240
5243
5245
5249
5250
5253
5254
5256
5259
5264
5265
5269
5272
5278
5280
5283
5285
5289
5293
5296
5298
5305
5310
5315
5317
5320
5322
5325
5327
5331
5333
5342
5344
5348
5351
5359
5360
5366
5367
5370
5371
5376
5377
5383
5385
5389
5392
5397
5402
5405
5410
5412
5415
5424
5427
5436
5437
5442
5444
5447
5448
5451
5452
5459
5460
5462
5465
5466
5469
5471
5475
5477
5484
5486
5491
5492
5495
5497
5500
5502
5504
5506
5509
5511
5515
5517
5519
5521
5525
5526
5532
5534
5537
5541
5545
5547
5551
5553
5558
5561
5564
5566
5570
5574
5575
5580
5583
5587
5590
5594
5597
5603
5607
5611
5618
5622
5624
5627
5628
5636
5637
5644
5645
5647
5650
5652
5657
5659
5666
5668
5671
5674
5676
5679
5681
5684
5686
5692
5697
5699
5703
5708
5712
5716
5718
5723
5726
5729
5730
5733
5734
5736
5739
5741
5743
5745
5747
5750
5760
5764
5768
5771
5773
5776
5780
5783
5785
5788
5796
5799
5801
5807
5808
5811
5815
5816
5820
5823
5825
5827
5833
5834
5838
5840
5842
5844
5855
5856
5858
5860
5865
5867
5871
5873
5878
5884
5888
5891
5893
5896
5899
5900
5911
5914
5917
5921
5923
5929
5933
5937
5941
5944
5946
5949
5952
5955
5956
5960
5962
5966
5969
5971
5973
5975
5977
5979
5982
5985
5989
5993
5995
5997
5999
6001
6004
6006
6009
6015
6017
6019
6023
6024
6030
6033
6036
6040
6042
6045
6048
6053
6055
6059
6060
6064
6066
6071
6073
6080
6082
6085
6089
6095
6105
6107
6109
6111
6114
6116
6121
6123
6126
6129
6131
6135
6137
6144
6146
6149
6154
6161
6162
6166
6168
6174
6175
6182
6187
6191
6194
6200
6203
6204
6206
6208
6211
6212
6217
6224
6232
6234
6237
6240
6241
6244
6246
6252
6253
6256
6258
6262
6264
6268
6269
6271
6273
6279
6283
6287
6289
6292
6294
6301
6303
6307
6310
6315
6316
6319
6322
6324
6330
6331
6340
6341
6344
6347
6348
6351
6353
6356
6361
6368
6371
6375
6379
6380
6383
6385
6394
6395
6397
6399
6404
6412
6417
6419
6424
6425
6427
6429
6432
6435
6438
6442
6444
6446
6448
6451
6453
6457
6462
6473
6475
6481
6483
6486
6489
6499
6500
6503
6505
6510
6511
6515
6516
6520
6523
6526
6530
6538
6541
6546
6548
6554
6555
6558
6559
6566
6574
6581
6583
6585
6588
6590
6593
6596
6600
6601
6608
6610
6614
6616
6621
6624
6626
6630
6632
6634
6639
6641
6645
6646
6651
6654
6658
6661
6662
6668
6669
6672
6674
6678
6685
6688
6692
6695
6697
6699
6701
6711
6715
6719
6721
6727
6731
6734
6736
6740
6742
6748
6752
6755
6760
6761
6764
6769
6773
6777
6780
6784
6786
6789
6792
6795
6796
6803
6804
6807
6808
6816
6819
6822
6824
6827
6830
6835
6838
6839
6842
6844
6846
6848
6850
6853
6860
6863
6867
6870
6872
6875
6877
6884
6886
6889
6893
6895
6899
6903
6906
6909
6912
6917
6918
6921
6923
6925
6927
6930
6933
6934
6938
6940
6945
6948
6951
6952
6954
6957
6958
6962
6964
6968
6970
6972
6974
6978
6980
6982
6985
6992
6994
6996
6999
7001
7006
7009
7017
7021
7025
7027
7029
7032
7035
7037
7039
7041
7045
7046
7049
7051
7056
7059
7061
7064
7066
7071
7073
7075
7077
7080
7084
7094
7098
7105
7109
7110
7114
7116
7120
7123
7130
7134
7135
7141
7143
7150
7152
7155
7158
7160
7163
7166
7168
7171
7175
7180
7182
7185
7187
7191
7192
7195
7198
7201
7203
7206
7213
7215
7218
7226
7228
7231
7235
7239
7240
7248
7252
7259
7263
7265
7270
7273
7278
7284
7286
7291
7293
7297
7298
7301
7304
7310
7312
7315
7316
7319
7321
7327
7329
7331
7334
7336
7338
7341
7342
7349
7352
7357
7361
7364
7367
7369
7372
7374
7381
7384
7386
7388
7393
7396
7404
7408
7409
7413
7414
7416
7420
7421
7424
7425
7434
7442
7452
7453
7455
7458
7460
7463
7468
7471
7474
7476
7480
7484
7485
7490
7492
7495
7500
7502
7504
7507
7510
7511
7515
7517
7519
7522
7525
7528
7533
7534
7539
7540
7543
7546
7552
7554
7566
7570
7572
7575
7577
7579
7583
7587
7588
7592
7594
7598
7601
7603
7607
7609
7613
7614
7617
7619
7621
7623
7631
7633
7637
7640
7642
7647
7648
7652
7654
7656
7661
7663
7670
7672
7674
7677
7682
7687
7689
7693
7695
7700
7701
7706
7708
7710
7712
7715
7717
7721
7724
7732
7733
7738
7745
7749
7751
7754
7758
7760
7763
7765
7774
7780
7783
7785
7791
7793
7796
7799
7801
7805
7806
7810
7814
7817
7819
7829
7833
7835
7837
7840
7842
7845
7847
7849
7854
7856
7859
7863
7864
7875
7877
7881
7882
7885
7889
7891
7893
7897
7899
7902
7907
7909
7913
7914
7917
7918
7925
7926
7930
7933
7935
7938
7939
7942
7944
7951
7954
7959
7961
7965
7967
7971
7974
7975
7980
7984
7986
7991
7992
7995
7998
8003
8004
8008
8013
8015
8017
8020
8022
8026
8029
8032
8034
8038
8041
8046
8048
8050
8055
8059
8062
8064
8066
8068
8072
8074
8081
8083
8086
8089
8092
8095
8098
8101
8108
8113
8114
8120
8123
8124
8128
8130
8136
8137
8141
8143
8146
8147
8150
8153
8155
8160
8161
8165
8168
8170
8172
8178
8180
8184
8187
8193
8196
8199
8201
8203
8205
8209
8210
8212
8214
8219
8221
8226
8228
8231
8234
8238
8240
8243
8245
8248
8253
8258
8261
8264
8265
8267
8271
8276
8280
8283
8286
8288
8292
8294
8297
8300
8303
8305
8308
8311
8313
8316
8320
8322
8326
8327
8330
8333
8335
8341
8343
8345
8348
8351
8354
8363
8366
8369
8371
8375
8381
8386
8389
8391
8393
8398
8400
8402
8404
8406
8411
8412
8416
8419
8421
8423
8425
8428
8431
8440
8443
8447
8450
8454
8456
8458
8460
8464
8470
8473
8483
8484
8486
8489
8491
8495
8496
8499
8502
8505
8507
8510
8511
8516
8519
8523
8525
8530
8531
8535
8537
8539
8541
8545
8547
8552
8555
8558
8560
8562
8565
8566
8568
8570
8572
8578
8580
8584
8585
8587
8591
8593
8597
8599
8601
8605
8606
8612
8616
8619
8622
8625
8628
8630
8634
8637
8641
8642
8645
8649
8650
8654
8656
8660
8664
8666
8670
8672
8676
8678
8681
8687
8695
8699
8704
8710
8712
8715
8717
8720
8724
8727
8729
8731
8733
8736
8738
8742
8744
8751
8753
8760
8762
8767
8768
8771
8773
8775
8777
8779
8782
8788
8792
8799
8803
8804
8808
8814
8826
8829
8831
8837
8840
8854
8858
8859
8862
8864
8868
8872
8873
8877
8880
8883
8886
8889
8891
8894
8897
8900
8902
8904
8907
8910
8917
8918
8920
8922
8930
8933
8935
8938
8941
8943
8945
8955
8956
8960
8961
8964
8970
8972
8974
8976
8980
8981
8985
8987
8990
8992
8997
9000
9001
9004
9005
9008
9010
9015
9017
9021
9023
9029
9034
9037
9038
9040
9042
9051
9053
9057
9059
9063
9066
9069
9072
9076
9077
9079
9082
9083
9089
9090
9094
9096
9103
9106
9109
9113
9116
9120
9121
9128
9129
9133
9135
9137
9145
9147
9152
9156
9160
9165
9167
9170
9172
9178
9180
9186
9187
9192
9193
9197
9198
9204
9208
9210
9214
9217
9220
9223
9227
9229
9232
9234
9238
9243
9252
9254
9256
9258
9262
9265
9266
9269
9271
9284
9288
9291
9293
9298
9301
9302
9308
9311
9316
9317
9319
9322
9323
9326
9332
9336
9339
9340
9347
9350
9359
9361
9372
9377
9381
9385
9387
9389
9391
9394
9397
9400
9404
9409
9412
9415
9418
9419
9425
9429
9431
9435
9438
9441
9445
9450
9457
9460
9461
9466
9471
9474
9475
9481
9485
9489
9493
9495
9497
9499
9503
9505
9508
9509
9516
9528
9530
9532
9536
9539
9542
9543
9547
9548
9557
9561
9565
9568
9572
9577
9580
9583
9585
9587
9591
9596
9598
9601
9606
9611
9618
9621
9625
9626
9630
9632
9635
9637
9640
9642
9647
9651
9656
9658
9660
9663
9665
9668
9671
9677
9681
9685
9687
9695
9696
9700
9702
9706
9708
9710
9712
9718
9721
9727
9730
9734
9736
9739
9742
9744
9748
9751
9753
9756
9758
9760
9763
9764
9768
9771
9775
9776
9780
9784
9802
9808
9810
9817
9818
9821
9829
9831
9833
9836
9838
9842
9844
9846
9849
9850
9855
9857
9859
9864
9870
9871
9874
9877
9881
9883
9886
9887
9890
9891
9893
9895
9900
9901
9904
9906
9908
9910
9912
9919
9923
9928
9931
9937
9949
9951
9954
9956
9960
9961
9964
9966
9971
9973
9975
9978
9979
9983
9984
9987
9991
9994
9995
9998
9999
10004
10007
10011
10017
10021
10028
10030
10033
10036
10038
10042
10044
10053
10055
10060
10062
10066
10071
10074
10077
10083
10087
10091
10094
10099
10100
10103
10106
10109
10111
10113
10116
10118
10121
10124
10127
10136
10140
10142
10146
10151
10152
10154
10158
10160
10163
10167
10168
10172
10173
10178
10179
10182
10185
10192
10193
10196
10197
10200
10202
10208
10211
10217
10220
10223
10227
10236
10238
10241
10244
10247
10248
10251
10252
10254
10256
10259
10263
10269
10271
10274
10276
10278
10281
10283
10285
10289
10291
10294
10295
10297
10299
10303
10307
10315
10316
10319
10322
10324
10328
10331
10339
10341
10344
10345
10349
10350
10355
10356
10358
10360
10365
10369
10374
10375
10378
10382
10384
10386
10389
10392
10393
10396
10399
10400
10406
10407
10411
10413
10420
10422
10425
10426
10437
10439
10441
10443
10454
10457
10460
10462
10464
10467
10470
10474
10477
10485
10487
10493
10494
10498
10500
10506
10511
10515
10520
10522
10526
10532
10537
10539
10541
10543
10546
10548
10551
10554
10558
10563
10566
10576
10579
10580
10583
10585
10588
10594
10595
10598
10602
10606
10609
10614
10616
10625
10627
10630
10634
10637
10642
10643
10649
10651
10658
10661
10663
10665
10667
10670
10674
10675
10679
10681
10685
10687
10690
10698
10701
10703
10707
10714
10719
10720
10723
10726
10728
10730
10735
10736
10738
10740
10742
10747
10750
10752
10755
10758
10761
10764
10767
10773
10778
10784
10789
10791
10793
10796
10797
10800
10802
10804
10806
10808
10813
10815
10818
10820
10823
10825
10830
10834
10842
10847
10850
10853
10855
10857
10860
10864
10865
10867
10870
10874
10875
10877
10880
10884
10888
10890
10892
10894
10896
10899
10901
10906
10907
10911
10912
10917
10921
10925
10927
10930
10933
10937
10943
10946
10949
10953
10957
10960
10965
10968
10973
10975
10978
10980
10982
10994
10996
11001
11005
11011
11012
11016
11020
11024
11026
11028
11030
11032
11036
11040
11041
11045
11046
11054
11058
11064
11065
11068
11069
11073
11079
11081
11083
11086
11090
11092
11096
11098
11101
11102
11106
11107
11112
11114
11124
11126
11133
11136
11137
11142
11143
11149
11151
11155
11157
11169
11171
11177
11178
11183
11186
11190
11192
11201
11203
11209
11211
11213
11215
11217
11219
11221
11226
11228
11234
11236
11240
11242
11245
11249
11253
11256
11260
11262
11264
11266
11270
11271
11275
11276
11278
11281
11282
11284
11286
11288
11290
11293
11294
11296
11298
11302
11304
11308
11309
11311
11313
11319
11320
11323
11324
11326
11329
11331
11342
11349
11352
11355
11359
11361
11364
11368
11373
11374
11378
11380
11383
11392
11395
11397
11401
11403
11406
11408
11411
11412
11415
11417
11423
11426
11428
11431
11435
11437
11439
11441
11445
11449
11453
11455
11463
11467
11469
11473
11478
11480
11483
11485
11491
11493
11497
11501
Closing down connection...
