3
5
7
15
17
19
25
28
32
34
36
39
42
46
49
56
57
62
73
76
77
81
91
94
96
104
108
110
112
116
121
122
125
127
130
133
145
150
158
162
167
173
174
181
183
190
192
202
205
207
211
212
215
222
226
227
231
238
241
244
248
251
261
266
268
272
273
278
280
286
291
293
295
298
300
307
314
317
320
323
325
329
330
334
335
340
341
346
347
349
351
356
358
361
363
366
371
373
375
377
379
381
385
389
390
397
401
403
406
408
416
419
421
426
430
433
435
441
445
450
452
458
462
466
470
475
479
488
490
495
496
498
500
502
506
511
512
517
519
522
526
529
531
537
540
544
547
551
553
557
558
562
564
566
568
570
572
674
678
680
685
687
690
692
698
701
706
710
716
720
724
727
730
733
737
740
746
748
851
857
862
866
869
871
880
883
888
890
896
905
911
914
918
922
925
927
931
934
938
940
942
944
947
950
953
956
958
962
964
967
976
979
982
987
991
992
994
996
999
1001
1004
1006
1009
1011
1013
1015
1020
1021
1026
1029
1036
1038
1042
1045
1056
1058
1060
1062
1065
1068
1071
1072
1079
1081
1087
1095
1099
1105
1110
1121
1126
1129
1131
1135
1136
1144
1145
1148
1151
1158
1161
1166
1169
1173
1176
1184
1192
1194
1196
1198
1201
1203
1207
1210
1213
1214
1219
1224
1227
1231
1234
1236
1239
1240
1245
1248
1252
1255
1257
1262
1264
1266
1270
1272
1277
1280
1283
1284
1289
1297
1306
1308
1312
1313
1315
1317
1320
1323
1325
1327
1331
1334
1335
1339
1341
1444
1446
1449
1451
1453
1461
1462
1465
1469
1472
1473
1478
1481
1482
1486
1487
1495
1496
1501
1503
1510
1512
1514
1517
1518
1522
1525
1528
1530
1533
1541
1544
1646
1651
1652
1659
1661
1663
1665
1669
1671
1674
1677
1680
1682
1687
1688
1693
1696
1699
1703
1706
1710
1713
1714
1716
1719
1724
1727
1731
1739
1742
1743
1745
1748
1753
1759
1760
1863
1864
1873
1878
1882
1886
1894
1897
1898
1902
1904
1910
1912
1918
1922
1928
1930
1933
1935
1940
1943
1946
1948
1950
1952
1954
1956
1960
1963
1965
1968
1972
1977
1981
1984
1985
1992
1995
1998
2002
2007
2013
2020
2025
2027
2031
2032
2038
2039
2047
2053
2058
2060
2062
2064
2066
2069
2075
2076
2078
2080
2088
2089
2095
2097
2104
2106
2108
2111
2113
2118
2120
2124
2126
2133
2134
2139
2142
2143
2146
2147
2150
2152
2154
2163
2165
2168
2172
2174
2178
2182
2188
2189
2191
2194
2197
2198
2204
2217
2222
2225
2226
2232
2233
2240
2242
2245
2248
2254
2257
2260
2262
2264
2267
2269
2272
2277
2283
2286
2291
2292
2295
2297
2299
2302
2305
2306
2309
2311
2316
2317
2322
2327
2331
2333
2335
2340
2344
2347
2349
2351
2353
2358
2359
2362
2364
2366
2368
2372
2374
2379
2383
2386
2389
2392
2398
2399
2405
2412
2415
2417
2423
2428
2431
2432
2437
2439
2448
2450
2452
2454
2457
2462
2466
2468
2471
2476
2477
2480
2482
2487
2488
2493
2494
2498
2499
2508
2510
2515
2521
2529
2532
2536
2537
2540
2542
2544
2548
2551
2553
2555
2562
2568
2570
2574
2575
2579
2582
2583
2586
2591
2595
2600
2604
2606
2608
2610
2613
2615
2620
2621
2624
2625
2628
2629
2635
2636
2639
2641
2648
2650
2654
2655
2658
2659
2662
2666
2670
2671
2676
2680
2681
2686
2689
2690
2696
2697
2702
2703
2705
2707
2712
2718
2723
2725
2729
2732
2734
2736
2746
2748
2751
2752
2758
2760
2764
2767
2770
2772
2775
2777
2782
2783
2786
2792
2796
2799
2801
2804
2808
2811
2812
2814
2818
2820
2828
2829
2831
2833
2836
2838
2843
2848
2851
2855
2856
2859
2861
2869
2871
2875
2880
2886
2888
2895
2898
2900
2905
2907
2911
2912
2915
2917
2921
2922
2924
2927
2928
2932
2939
2942
2944
2947
2948
2950
3055
3056
3062
3066
3071
3074
3081
3084
3092
3093
3097
3099
3106
3110
3113
3115
3118
3120
3125
3130
3141
3146
3147
3151
3152
3156
3157
3160
3165
3167
3170
3173
3174
3178
3180
3182
3189
3191
3193
3201
3203
3205
3207
3212
3213
3216
3220
3223
3229
3231
3235
3236
3240
3242
3246
3247
3250
3255
3261
3262
3266
3268
3270
3272
3274
3277
3278
3282
3286
3289
3291
3294
3296
3298
3300
3303
3305
3310
3313
3316
3318
3320
3323
3324
3326
3329
3331
3333
3337
3339
3343
3345
3349
3350
3354
3357
3360
3363
3367
3369
3371
3373
3376
3377
3381
3383
3392
3394
3397
3401
3403
3405
3408
3411
3415
3416
3419
3421
3424
3426
3429
3433
3435
3437
3440
3443
3445
3448
3453
3454
3456
3458
3461
3462
3466
3468
3471
3473
3477
3478
3480
3484
3486
3488
3492
3499
3501
3505
3508
3511
3514
3519
3520
3526
3528
3531
3534
3537
3543
3544
3547
3550
3554
3556
3560
3561
3564
3566
3570
3577
3580
3583
3584
3587
3589
3594
3597
3602
3609
3613
3617
3619
3621
3625
3628
3632
3635
3638
3642
3648
3650
3652
3655
3657
3659
3662
3663
3666
3671
3674
3676
3678
3680
3682
3685
3687
3689
3692
3708
3711
3718
3725
3729
3733
3734
3742
3749
3754
3759
3761
3764
3765
3770
3771
3775
3776
3779
3781
3784
3785
3790
3791
3797
3798
3803
3805
3807
3809
3812
3814
3817
3818
3822
3823
3828
3832
3833
3837
3840
3844
3847
3851
3855
3859
3863
3877
3878
3883
3885
3889
3891
3893
3897
3898
3900
3902
3909
3912
3913
3916
3919
3923
3924
4029
4033
4037
4040
4043
4045
4049
4051
4055
4056
4059
4061
4067
4072
4075
4088
4090
4093
4097
4099
4103
4104
4108
4110
4113
4115
4123
4126
4130
4133
4134
4140
4141
4143
4146
4149
4151
4160
4162
4166
4167
4173
4174
4177
4178
4180
4184
4190
4196
4198
4201
4204
4206
4208
4210
4212
4214
4216
4219
4221
4229
4231
4239
4241
4243
4249
4251
4253
4255
4257
4259
4262
4264
4367
4368
4376
4378
4380
4382
4387
4388
4391
4396
4404
4406
4408
4412
4414
4418
4419
4422
4427
4430
4436
4446
4448
4450
4454
4456
4458
4461
4466
4472
4485
4488
4490
4493
4495
4498
4499
4502
4503
4613
4614
4616
4618
4623
4625
4630
4633
4643
4645
4658
4661
4665
4667
4669
4672
4673
4677
4681
4688
4691
4693
4697
4699
4703
4704
4712
4714
4718
4719
4723
4727
4734
4739
4742
4744
4749
4753
4755
4758
4759
4762
4765
4768
4769
4772
4775
4776
4782
4784
4787
4791
4793
4795
4800
4802
4805
4806
4808
4811
4819
4820
4826
4827
4831
4834
4941
4942
4945
4947
4949
4953
4958
4961
4963
4970
4971
4974
4977
4978
4990
4996
4998
5000
5004
5005
5014
5016
5020
5024
5025
5029
5030
5038
5042
5044
5046
5048
5051
5052
5056
5057
5061
5066
5071
5075
5078
5079
5084
5090
5091
5095
5096
5099
5103
5105
5109
5111
5115
5118
5122
5131
5137
5139
5143
5145
5148
5150
5154
5159
5160
5163
5166
5168
5172
5175
5186
5188
5192
5197
5200
5203
5216
5318
5321
5322
5327
5331
5335
5337
5339
5341
5344
5349
5352
5354
5356
5361
5362
5364
5366
5370
5372
5379
5389
5392
5394
5397
5399
5401
5404
5406
5408
5411
5414
5416
5421
5424
5426
5429
5430
5432
5435
5438
5442
5444
5450
5453
5458
5459
5462
5464
5469
5471
5473
5475
5480
5483
5488
5492
5499
5501
5505
5509
5515
5521
5524
5527
5531
5534
5539
5544
5549
5553
5556
5559
5562
5564
5567
5570
5577
5680
5682
5684
5689
5691
5693
5697
5698
5702
5710
5712
5714
5719
5721
5726
5729
5732
5735
5740
5744
5747
5749
5754
5756
5758
5760
5766
5767
5774
5777
5785
5788
5794
5797
5798
5805
5806
5813
5815
5820
5825
5832
5834
5841
5843
5845
5847
5850
5852
5855
5857
5859
5864
5867
5872
5873
5878
5880
5882
5886
5888
5892
5899
5903
5905
5908
5909
5913
5914
5919
5927
5932
5935
5938
5941
5943
5951
5952
5956
5965
5976
5984
5988
5989
5995
5999
6009
6010
6015
6016
6025
6029
6033
6035
6037
6042
6043
6047
6050
6052
6055
6056
6066
6070
6076
6082
6087
6089
6092
6094
6096
6100
6101
6104
6105
6112
6114
6217
6220
6224
6226
6230
6233
6234
6238
6240
6347
6349
6354
6355
6366
6368
6373
6375
6378
6381
6383
6387
6390
6392
6395
6398
6402
6407
6409
6412
6414
6417
6419
6421
6424
6428
6433
6435
6438
6440
6442
6445
6448
6451
6456
6459
6461
6470
6471
6473
6475
6477
6479
6485
6487
6493
6497
6500
6513
6519
6523
6525
6527
6529
6531
6534
6537
6540
6543
6545
6548
6551
6552
6554
6557
6558
6562
6565
6569
6574
6576
6580
6585
6589
6590
6593
6595
6598
6601
6604
6607
6610
6619
6620
6623
6627
6630
6635
6638
6644
6650
6653
6657
6659
6662
6668
6670
6673
6696
6698
6701
6706
6710
6711
6715
6718
6722
6726
6727
6729
6732
6736
6738
6742
6744
6748
6749
6754
6756
6758
6760
6763
6765
6768
6769
6779
6782
6784
6786
6789
6791
6799
6802
6805
6807
6810
6814
6815
6820
6822
6828
6830
6836
6838
6840
6842
6845
6848
6852
6853
6858
6861
6864
6868
6873
6875
6878
6880
6886
6889
6891
6894
6896
6900
6902
6907
6910
6914
6915
6918
6920
6924
6926
6929
6933
6936
6938
7040
7052
7057
7061
7064
7067
7073
7076
7078
7080
7082
7084
7087
7089
7093
7095
7097
7099
7103
7109
7114
7117
7121
7224
7234
7235
7241
7242
7244
7247
7250
7252
7256
7258
7265
7267
7270
7273
7276
7283
7287
7289
7292
7293
7296
7299
7303
7305
7312
7317
7321
7322
7330
7333
7335
7338
7341
7343
7346
7347
7351
7353
7358
7361
7364
7365
7369
7372
7380
7383
7384
7387
7390
7392
7394
7396
7399
7401
7409
7410
7415
7416
7418
7421
7423
7426
7429
7436
7437
7440
7442
7444
7447
7450
7451
7454
7456
7458
7462
7464
7468
7469
7474
7475
7477
7480
7482
7484
7486
7488
7493
7494
7499
7500
7508
7511
7516
7517
7522
7523
7527
7528
7530
7534
7535
7540
7544
7546
7549
7550
7552
7555
7556
7560
7563
7566
7569
7574
7576
7582
7588
7590
7592
7595
7597
7599
7602
7604
7607
7610
7612
7623
7625
7629
7632
7636
7639
7641
7645
7646
7648
7650
7654
7656
7658
7661
7664
7665
7673
7675
7677
7679
7682
7687
7693
7696
7702
7705
7706
7709
7711
7716
7718
7721
7725
7729
7731
7733
7735
7739
7740
7743
7749
7755
7756
7759
7761
7764
7767
7768
7773
7775
7778
7780
7787
7790
7796
7798
7800
7804
7805
7810
7915
7920
7925
7930
7934
7937
7942
7943
8046
8049
8052
8053
8157
8158
8161
8162
8166
8169
8176
8180
8182
8184
8186
8189
8191
8193
8195
8197
8200
8202
8204
8208
8210
8214
8216
8219
8220
8222
8224
8227
8229
8233
8240
8243
8246
8248
8252
8253
8256
8258
8260
8262
8265
8268
8272
8277
8281
8282
8284
8287
8289
8291
8295
8299
8314
8316
8318
8321
8326
8328
8330
8335
8336
8345
8346
8350
8352
8355
8359
8361
8365
8366
8373
8376
8381
8382
8385
8387
8390
8391
8394
8396
8398
8405
8407
8409
8412
8413
8415
8417
8419
8422
8424
8427
8433
8438
8443
8445
8448
8451
8454
8455
8459
8461
8463
8468
8470
8478
8480
8485
8492
8496
8499
8504
8506
8510
8511
8513
8515
8517
8520
8521
8524
8526
8530
8534
8538
8539
8542
8545
8547
8550
8552
8555
8556
8563
8565
8569
8571
8575
8576
8579
8581
8583
8585
8588
8596
8597
8599
8601
8607
8610
8613
8617
8619
8623
8625
8628
8629
8632
8636
8639
8641
8645
8649
8661
8665
8673
8675
8678
8681
8687
8690
8692
8694
8701
8705
8709
8712
8716
8718
8720
8722
8724
8727
8729
8832
8836
8840
8842
8846
8848
8852
8853
8858
8860
8865
8869
8871
8874
8876
8879
8882
8895
8896
8903
8904
8907
8910
9012
9016
9020
9023
9028
9030
9034
9035
9042
9044
9055
9057
9060
9062
9066
9067
9078
9080
9083
9087
9090
9092
9095
9104
9107
9109
9113
9119
9122
9124
9126
9129
9131
9136
9140
9149
9153
9154
9162
9163
9167
9178
9182
9184
9188
9190
9194
9196
9199
9202
9208
9209
9211
9213
9215
9219
9221
9223
9226
9234
9235
9238
9241
9246
9247
9251
9254
9257
9263
9266
9272
9277
9279
9281
9283
9285
9287
9292
9295
9297
9299
9301
9305
9306
9311
9313
9320
9321
9328
9330
9334
9437
9440
9442
9444
9447
9449
9451
9453
9456
9459
9462
9467
9469
9473
9475
9481
9486
9489
9494
9503
9506
9512
9516
9519
9525
9531
9535
9543
9545
9549
9553
9555
9559
9562
9565
9568
9571
9572
9575
9578
9580
9583
9586
9588
9590
9596
9598
9600
9607
9611
9614
9616
9630
9639
9642
9644
9647
9648
9651
9654
9656
9659
9662
9664
9666
9671
9673
9678
9681
9686
9690
9692
9695
9697
9699
9703
9705
9708
9710
9712
9715
9718
9720
9723
9725
9729
9730
9737
9742
9746
9748
9752
9755
9768
9772
9774
9776
9778
9780
9787
9789
9792
9797
9799
9807
9811
9814
9818
9823
9827
9828
9834
9835
9838
9839
9842
9844
9849
9851
9853
9855
9857
9860
9862
9865
9868
9871
9872
9875
9877
9880
9882
9886
9889
9895
9897
9902
9905
9908
9910
9913
9916
9920
9922
9932
9933
9937
9941
9944
9949
9951
9957
9959
9964
9965
9969
9972
9975
9977
9979
9981
10090
10092
10095
10097
10100
10104
10107
10109
10118
10128
10133
10135
10139
10140
10149
10158
10161
10162
10165
10172
10175
10183
10185
10187
10189
10191
10193
10195
10198
10201
10203
10205
10213
10216
10222
10223
10225
10230
10234
10237
10239
10241
10244
10246
10250
10252
10261
10270
10273
10275
10279
10280
10282
10285
10287
10290
10293
10296
10299
10303
10305
10314
10317
10326
10328
10331
10335
10339
10341
10345
10346
10349
10350
10354
10364
10375
10378
10380
10383
10386
10388
10391
10393
10401
10402
10404
10407
10408
10412
10413
10418
10421
10426
10428
10430
10434
10435
10437
10441
10443
10446
10448
10453
10455
10457
10459
10462
10463
10471
10475
10477
10481
10483
10486
10488
10491
10492
10497
10500
10503
10506
10510
10513
10516
10520
10522
10524
10528
10529
10533
10536
10539
10541
10543
10546
10548
10556
10558
10561
10565
10567
10570
10571
10573
10575
10577
10580
10583
10591
10595
10598
10599
10609
10611
10615
10617
10619
10621
10624
10633
10636
10639
10641
10644
10646
10649
10651
10654
10656
10665
10666
10669
10671
10678
10679
10682
10684
10686
10689
10693
10694
10700
10705
10707
10710
10712
10717
10719
10722
10724
10728
10731
10734
10737
10739
10743
10745
10748
10749
10753
10758
10761
10773
10778
10780
10787
10788
10793
10797
10801
10805
10810
10813
10820
10822
10825
10828
10834
10839
10842
10846
10848
10850
10853
10856
10859
10860
10866
10869
10874
10875
10882
10884
10886
10888
10892
10894
10896
10898
10902
10907
10912
10915
10918
10919
10924
10927
10932
10935
10937
10939
10945
10948
10954
10956
10960
10965
10966
10969
10971
10976
10979
10987
10989
10991
10993
10995
11006
11009
11011
11014
11019
11022
11024
11027
11028
11030
11032
11034
11037
11040
11044
11045
11048
11049
11056
11058
11061
11063
11066
11067
11071
11072
11076
11078
11084
11186
11192
11194
11199
11201
11204
11206
11209
11211
11215
11217
11221
11226
11228
11230
11234
11237
11243
11245
11249
11257
11260
11265
11267
11270
11272
11278
11279
11281
11285
11288
11291
11294
11296
11300
11301
11303
11305
11309
11314
11320
11321
11324
11325
11327
11329
11333
11336
11339
11342
11344
11347
11350
11356
11358
11370
11371
11373
11376
11379
11383
11386
11387
11389
11393
11402
11410
11414
11420
11421
11433
11435
11446
11452
11459
11461
11465
11467
11470
11471
11474
11476
11479
11481
11483
11485
11487
11490
11492
11495
11501
11506
11508
11511
11516
11522
11525
11528
11531
11536
11538
11541
11543
11546
11550
11551
11555
11558
11561
11563
11567
11569
11574
11577
11580
11583
11585
11587
11589
11594
11597
11598
11610
11614
11621
11622
11624
11626
11630
11631
11636
11639
11643
11644
11653
11654
11658
11659
11662
11663
11668
11670
11672
11675
11677
11680
11682
11687
11689
11691
11694
11700
11704
11705
11708
11709
11711
11713
11718
11719
11729
11731
11739
11742
11746
11749
11753
11757
11760
11763
11765
11768
11769
11775
11777
11783
11786
11788
11799
11801
11804
11809
11814
11819
11823
11826
11836
11838
11842
11843
11846
11847
11851
11855
11856
11860
11861
11864
11866
11869
11871
11873
11875
11880
11883
11887
11889
11891
11893
11895
11898
11900
11903
11908
11911
11914
11915
11924
11925
11927
11929
11931
11937
11939
11942
11946
11948
11951
11952
11958
11961
11966
11968
11971
11973
11977
11979
11988
11990
11992
11998
11999
12002
12004
12014
12015
12020
12023
12027
12029
12036
12038
12043
12045
12048
12050
12057
12059
12066
12068
12079
12083
12091
12095
12105
12108
12112
12113
12119
12122
12127
12130
12133
12152
12153
12156
12158
12161
12162
12167
12169
12172
12174
12179
12180
12182
12184
12189
12190
12196
12198
12201
12203
12205
12207
12212
12215
12220
12221
12226
12227
12229
12232
12234
12237
12238
12240
12242
12248
12249
12256
12259
12261
12264
12268
12270
12272
12274
12277
12279
12282
12283
12286
12288
12292
12294
12299
12302
12305
12307
12309
12311
12313
12316
12319
12322
12324
12327
12330
12334
12336
12339
12346
12348
12351
12354
12357
12360
12363
12365
12367
12369
12372
12375
12379
12383
12387
12389
12394
12396
12398
12402
12403
12408
12410
12414
12421
12425
12427
12430
12432
12537
12541
12549
12552
12554
12556
12558
12561
12563
12567
12568
12573
12574
12577
12580
12584
12585
12589
12592
12595
12596
12599
12601
12605
12606
12610
12615
12618
12620
12623
12625
12627
12630
12631
12634
12635
12644
12646
12651
12653
12655
12658
12659
12664
12665
12668
12672
12674
12676
12778
12781
12785
12788
12794
12801
12803
12908
12910
12912
12915
12918
12922
12928
12932
12936
12940
12941
12944
12947
12948
12954
12957
12965
12968
12970
12975
12976
12979
12981
12984
12991
12993
13001
13002
13004
13007
13012
13014
13018
13020
13025
13027
13032
13034
13037
13038
13041
13044
13047
13049
13053
13055
13057
13061
13062
13064
13066
13069
13071
13077
13078
13080
13082
13084
13086
13090
13091
13095
13098
13103
13107
13108
13113
13116
13119
13125
13128
13129
13134
13136
13141
13142
13145
13147
13151
13154
13158
13163
13165
13172
13174
13180
13182
13185
13189
13190
13193
13194
13196
13198
13200
13302
13305
13316
13420
13422
13431
13433
13435
13438
13440
13443
13445
13449
13451
13456
13457
13460
13465
13469
13470
13472
13477
13484
13487
13489
13491
13493
13495
13502
13506
13509
13511
13515
13517
13519
13522
13526
13537
13542
13543
13548
13552
13555
13559
13561
13563
13572
13579
13581
13583
13586
13588
13693
13694
13696
13698
13701
13704
13708
13711
13714
13715
13718
13723
13733
13734
13738
13741
13744
13747
13750
13753
13756
13758
13760
13762
13765
13767
13769
13773
13776
13778
13780
13786
13787
13790
13793
13795
13797
13802
13805
13807
13813
13816
13821
13824
13825
13833
13835
13838
13840
13846
13848
13851
13853
13856
13861
13863
13865
13868
13871
13877
13878
13884
13885
13891
13893
13899
13903
13908
13910
13914
13915
13917
13919
13921
13923
13926
13927
13931
13936
13939
13941
13944
13945
13949
13952
13955
13957
13959
13961
13963
13966
13970
13972
13976
13977
13980
13984
13987
13989
13993
13997
14000
14001
14012
14015
14017
14019
14024
14026
14029
14031
14033
14035
14037
14041
14042
14047
14050
14051
14058
14059
14063
14065
14070
14071
14079
14080
14082
14086
14090
14093
14098
14101
14103
14107
14110
14112
14115
14117
14119
14121
14124
14125
14128
14130
14138
14140
14145
14148
14251
14253
14255
14261
14263
14265
14267
14277
14280
14297
14298
14302
14303
14308
14310
14317
14319
14323
14325
14331
14334
14336
14345
14347
14350
14356
14360
14361
14366
14368
14370
14372
14374
14377
14379
14382
14383
14386
14387
14393
14396
14398
14404
14407
14410
14412
14415
14417
14419
14423
14424
14429
14434
14437
14439
14443
14444
14450
14456
14460
14464
14470
14473
14474
14482
14486
14492
14494
14501
14504
14505
14512
14513
14515
14517
14519
14521
14524
14530
14532
14535
14543
14551
14553
14556
14559
14561
14565
14569
14573
14574
14576
Closing down connection...
