9
11
18
20
23
26
30
34
37
39
41
43
45
48
49
51
53
56
59
61
63
68
70
76
77
86
88
90
95
98
103
107
111
114
120
121
125
127
129
132
134
136
239
241
245
248
252
255
258
262
264
266
268
270
273
276
280
281
285
287
289
292
294
306
308
311
314
316
319
322
325
328
335
337
341
343
350
354
356
358
362
365
367
369
371
373
377
379
386
388
392
393
398
401
403
406
408
411
412
414
418
420
422
425
430
431
435
436
445
447
449
451
454
456
461
462
465
467
471
473
480
482
488
492
497
502
508
510
513
514
521
524
527
530
532
634
637
639
641
644
646
650
653
657
659
661
663
666
670
672
674
677
679
683
685
690
692
695
697
703
705
713
715
717
723
725
728
731
736
738
741
742
746
749
752
754
758
759
766
768
773
775
778
782
785
787
794
795
798
801
803
811
814
816
818
822
824
827
829
831
833
837
843
845
848
850
854
856
859
861
865
868
877
880
881
890
992
995
998
1002
1005
1007
1012
1015
1020
1022
1024
1028
1031
1033
1035
1041
1043
1049
1052
1053
1055
1059
1063
1070
1073
1080
1084
1085
1088
1093
1095
1105
1107
1112
1114
1118
1123
1125
1128
1129
1137
1139
1146
1148
1151
1152
1159
1161
1166
1167
1174
1176
1179
1182
1187
1188
1191
1192
1196
1199
1200
1205
1210
1212
1215
1217
1220
1223
1224
1328
1329
1334
1336
1338
1340
1343
1346
1351
1354
1355
1358
1359
1361
1363
1369
1371
1378
1379
1382
1384
1386
1389
1393
1401
1403
1407
1408
1413
1419
1427
1429
1432
1436
1441
1444
1449
1451
1456
1457
1464
1466
1470
1473
1474
1478
1482
1484
1486
1490
1495
1501
1502
1506
1507
1512
1514
1516
1518
1524
1528
1531
1532
1537
1540
1545
1547
1550
1552
1563
1566
1571
1573
1576
1580
1588
1592
1596
1597
1599
1603
1604
1607
1609
1620
1621
1627
1631
1633
1635
1639
1641
1648
1651
1653
1656
1658
1662
1671
1673
1676
1678
1682
1684
1688
1691
1694
1696
1699
1701
1712
1714
1729
1734
1739
1743
1746
1747
1750
1754
1756
1758
1763
1765
1770
1772
1783
1786
1792
1796
1798
1800
1805
1809
1813
1814
1817
1819
1822
1826
1829
1830
1836
1838
1840
1842
1844
1846
1850
1852
1855
1859
1861
1867
1868
1870
1872
1875
1878
1882
1887
1890
1891
1894
1897
1900
1902
1905
1909
1911
1913
1915
1919
1923
1926
1929
1933
1934
1937
1939
1942
1944
1950
1954
1956
1958
1961
1964
1973
2076
2078
2080
2083
2085
2087
2090
2091
2094
2097
2100
2102
2105
2107
2110
2115
2118
2120
2122
2125
2128
2136
2137
2140
2144
2147
2149
2151
2154
2159
2160
2162
2165
2168
2175
2177
2180
2182
2184
2187
2189
2192
2193
2196
2204
2210
2214
2220
2226
2228
2232
2233
2236
2240
2246
2247
2253
2254
2261
2263
2266
2268
2270
2273
2274
2276
2278
2380
2383
2385
2391
2397
2405
2407
2410
2418
2419
2424
2427
2429
2433
2440
2443
2447
2455
2458
2465
2466
2473
2479
2481
2483
2485
2487
2489
2491
2493
2497
2499
2504
2508
2512
2515
2519
2522
2524
2528
2535
2539
2540
2544
2545
2556
2558
2561
2568
2569
2575
2578
2580
2583
2587
2590
2591
2597
2606
2610
2613
2614
2617
2619
2623
2624
2626
2630
2633
2634
2638
2641
2649
2650
2655
2658
2662
2665
2675
2679
2680
2685
2693
2797
2799
2803
2905
2908
2909
2911
2914
2916
2921
2925
2927
2930
2932
2935
2937
2942
2946
2949
2951
3058
3063
3066
3069
3072
3073
3077
3079
3083
3084
3088
3090
3095
3096
3099
3101
3107
3108
3115
3117
3120
3123
3125
3129
3131
3136
3139
3141
3144
3146
3157
3161
3165
3167
3170
3177
3179
3182
3184
3187
3189
3191
3197
3198
3202
3203
3206
3207
3211
3213
3216
3217
3223
3226
3231
3234
3236
3239
3243
3244
3247
3250
3253
3257
3259
3262
3272
3275
3277
3279
3281
3283
3288
3289
3292
3294
3300
3304
3306
3309
3310
3316
3318
3323
3326
3329
3334
3340
3341
3351
3353
3356
3360
3362
3365
3368
3369
3374
3377
3380
3381
3385
3388
3390
3393
3396
3397
3401
3403
3406
3408
3412
3417
3420
3421
3424
3428
3432
3434
3436
3441
3447
3452
3455
3463
3464
3466
3468
3470
3474
3476
3479
3480
3486
3490
3492
3495
3500
3505
3506
3609
3610
3615
3616
3619
3621
3623
3627
3629
3631
3633
3635
3638
3641
3644
3646
3648
3653
3654
3658
3660
3665
3669
3671
3677
3681
3682
3686
3688
3692
3695
3698
3699
3703
3705
3708
3717
3720
3722
3725
3727
3733
3736
3740
3743
3746
3749
3750
3752
3754
3756
3759
3762
3763
3768
3771
3774
3777
3780
3785
3787
3793
3795
3797
3799
3806
3808
3811
3812
3815
3817
3819
3822
3825
3826
3829
3835
3842
3845
3847
3849
3860
3862
3864
3868
3870
3874
3876
3880
3884
3887
3888
3893
3894
3898
3900
3902
3908
3913
3915
3917
3920
3922
3924
3926
3928
3931
3933
3935
3937
3942
3944
3949
3950
3955
3956
3960
3964
3968
3975
3980
3981
3985
3987
3990
3991
3994
3997
4003
4006
4007
4016
4018
4021
4022
4034
4035
4039
4040
4043
4045
4048
4053
4056
4057
4060
4061
4067
4070
4073
4077
4081
4083
4089
4092
4097
4102
4110
4113
4117
4118
4120
4123
4126
4127
4129
4131
4133
4136
4138
4140
4142
4249
4250
4253
4254
4260
4263
4266
4269
4272
4278
4280
4289
4290
4293
4295
4298
4300
4306
4308
4316
4325
4332
4334
4338
4340
4343
4345
4348
4351
4352
4357
4360
4365
4367
4371
4374
4376
4378
4380
4384
4387
4391
4395
4398
4399
4402
4405
4408
4410
4412
4414
4417
4418
4421
4423
4425
4428
4429
4431
4434
4436
4438
4440
4443
4446
4449
4452
4457
4460
4465
4466
4470
4471
4474
4477
4485
4488
4491
4495
4497
4499
4502
4504
4507
4509
4511
4514
4519
4528
4533
4537
4538
4540
4542
4546
4548
4551
4553
4559
4561
4565
4568
4573
4574
4577
4579
4583
4584
4590
4596
4600
4603
4606
4607
4611
4612
4615
4619
4622
4626
4628
4630
4632
4638
4640
4644
4648
4650
4653
4654
4658
4660
4663
4664
4670
4673
4675
4678
4682
4684
4694
4696
4698
4700
4709
4710
4715
4718
4719
4725
4727
4729
4732
4733
4738
4739
4743
4745
4749
4750
4752
4754
4756
4760
4761
4766
4769
4771
4774
4776
4778
4780
4783
4787
4792
4794
4796
4798
4800
4809
4813
4818
4819
4826
4828
4836
4838
4844
4848
4851
4853
4855
4860
4862
4868
4869
4873
4874
4876
4879
4882
4885
4888
4889
4891
4895
4896
4900
4902
4905
4906
4910
4913
4916
4918
4920
4922
4928
4930
4936
4938
4945
4947
4950
4953
4955
4957
4959
4962
4963
4966
4968
4972
4974
4983
4984
4987
4989
4995
4997
5008
5010
5015
5018
5021
5022
5024
5028
5030
5033
5034
5037
5039
5041
5043
5045
5050
5051
5055
5057
5063
5064
5068
5070
5073
5076
5083
5085
5088
5089
5094
5095
5099
5102
5107
5109
5113
5114
5119
5123
5124
5126
5128
5135
5139
5140
5142
5144
5146
5149
5150
5152
5155
5156
5160
5161
5165
5169
5172
5174
5176
5178
5180
5182
5186
5187
5190
5192
5195
5197
5203
5205
5207
5210
5212
5216
5218
5224
5227
5230
5232
5235
5238
5243
5245
5247
5249
5254
5260
5269
5270
5277
5279
5281
5283
5285
5288
5291
5298
5304
5306
5308
5310
5315
5316
5319
5320
5323
5325
5329
5331
5334
5341
5343
5345
5447
5450
5457
5463
5466
5468
5470
5472
5476
5477
5480
5481
5484
5487
5491
5496
5498
5501
5506
5512
5516
5518
5520
5527
5529
5533
5534
5536
5539
5544
5546
5549
5550
5554
5555
5558
5559
5562
5571
5576
5578
5582
5584
5587
5589
5591
5594
5598
5600
5602
5604
5606
5608
5610
5612
5616
5618
5621
5622
5626
5632
5636
5637
5639
5642
5644
5646
5650
5655
5661
5664
5669
5671
5683
5684
5689
5690
5694
5697
5700
5704
5706
5711
5712
5715
5717
5723
5726
5727
5733
5736
5741
5743
5746
5749
5754
5755
5758
5761
5763
5767
5769
5771
5775
5780
5785
5787
5795
5798
5810
5816
5819
5821
5823
5827
5829
5833
5834
5838
5840
5843
5847
5849
5855
5859
5862
5863
5866
5870
5871
5875
5877
5882
5884
5893
5894
6005
6007
6015
6017
6023
6024
6029
6032
6035
6037
6040
6048
6049
6052
6058
6063
6065
6070
6072
6075
6077
6080
6082
6084
6087
6092
6093
6096
6098
6100
6103
6205
6209
6221
6224
6225
6228
6230
6234
6236
6238
6241
6242
6250
6251
6255
6257
6262
6266
6274
6276
6280
6281
6283
6286
6288
6295
6297
6300
6301
6303
6305
6307
6311
6317
6320
6322
6325
6327
6431
6437
6439
6441
6445
6447
6452
6455
6459
6460
6464
6465
6475
6476
6480
6482
6584
6586
6588
6591
6594
6600
6601
6604
6607
6610
6612
6614
6618
6619
6628
6629
6632
6634
6637
6639
6645
6647
6653
6658
6661
6663
6668
6670
6672
6676
6680
6684
6687
6690
6693
6698
6701
6705
6708
6711
6713
6716
6717
6722
6723
6729
6730
6735
6738
6739
6741
6744
6748
6752
6761
6763
6767
6771
6775
6782
6786
6794
6797
6799
6802
6804
6806
6812
6813
6816
6819
6821
6824
6826
6829
6831
6837
6838
6844
6846
6851
6854
6858
6860
6863
6867
6870
6872
6875
6878
6881
6884
6887
6890
6891
6893
6895
6899
6902
6911
6912
6914
6916
6923
6924
6931
6932
6939
6942
6947
6954
6957
6958
6960
6964
6965
6967
6969
6971
6973
6976
6981
6984
6987
6993
6996
7000
7003
7007
7008
7016
7017
7023
7026
7028
7030
7032
7034
7038
7043
7048
7049
7054
7055
7061
7064
7065
7071
7072
7074
7078
7080
7084
7087
7092
7095
7101
7102
7106
7108
7111
7116
7118
7123
7125
7130
7132
7135
7136
7141
7143
7148
7150
7154
7156
7159
7160
7168
7169
7172
7177
7179
7183
7189
7193
7196
7202
7204
7206
7209
7210
7217
7219
7223
7224
7228
7235
7245
7247
7257
7258
7261
7262
7265
7267
7276
7278
7282
7288
7291
7292
7300
7304
7307
7309
7315
7323
7326
7328
7331
7333
7336
7337
7339
7342
7344
7355
7359
7361
7363
7366
7376
7380
7383
7394
7395
7397
7399
7406
7409
7412
7414
7416
7419
7424
7426
7428
7430
7432
7437
7442
7443
7446
7449
7455
7458
7462
7463
7468
7471
7474
7477
7479
7482
7484
7490
7491
7498
7502
7504
7511
7512
7516
7519
7521
7523
7525
7527
7529
7533
7534
7537
7539
7544
7546
7551
7553
7555
7557
7559
7563
7566
7568
7572
7573
7578
7580
7584
7585
7591
7594
7599
7602
7605
7607
7609
7611
7614
7615
7621
7622
7627
7628
7631
7632
7637
7639
7642
7643
7646
7650
7653
7655
7660
7662
7665
7668
7670
7672
7674
7678
7681
7685
7688
7690
7696
7699
7702
7705
7709
7711
7715
7717
7721
7723
7726
7729
7732
7736
7737
7743
7746
7751
7760
7765
7766
7771
7772
7775
7777
7783
7785
7793
7796
7798
7809
7812
7815
7818
7822
7825
7827
7830
7832
7937
7940
7942
7945
7947
7950
7952
7956
7960
7963
7965
7969
7970
7979
7980
7982
7985
7987
7992
7994
7997
8000
8008
8010
8013
8016
8020
8022
8026
8027
8030
8032
8034
8136
8142
8143
8147
8149
8152
8154
8157
8159
8161
8163
8165
8167
8170
8176
8181
8182
8184
8187
8188
8196
8199
8203
8208
8209
8215
8218
8221
8222
8226
8227
8230
8231
8234
8236
8240
8243
8246
8248
8258
8260
8263
8265
8269
8270
8273
8277
8281
8283
8285
8287
8289
8292
8296
8301
8306
8309
8313
8314
8317
8323
8327
8329
8337
8339
8346
8348
8352
8357
8358
8364
8368
8372
8376
8379
8382
8383
8387
8389
8391
8393
8395
8398
8402
8406
8410
8411
8421
8423
8432
8434
8436
8439
8440
8443
8445
8448
8452
8456
8460
8466
8468
8473
8476
8478
8481
8483
8489
8490
8492
8494
8501
8502
8505
8507
8510
8511
8517
8521
8530
8532
8537
8538
8545
8549
8553
8558
8562
8564
8568
8570
8574
8575
8582
8584
8589
8593
8595
8597
8599
8602
8607
8608
8611
8613
8615
8619
8620
8626
8627
8629
8631
8638
8640
8646
8649
8657
8659
8661
8663
8666
8671
8673
8675
8680
8683
8692
8694
8698
8700
8703
8705
8718
8720
8723
8725
8727
8730
8733
8738
8739
8741
8745
8748
8750
8755
8758
8771
8772
8774
8776
8783
8789
8796
8798
8801
8803
8807
8812
8815
8820
8823
8827
8833
8836
8839
8843
8845
8847
8849
8851
8854
8858
8859
8864
8867
8868
8871
8873
8877
8879
8881
8886
8887
8889
8892
8895
8899
8904
8908
8909
8914
8918
8925
8929
8939
8942
8945
8947
8951
8954
8959
8960
8965
8967
8971
8972
8976
8977
8983
8987
8990
8991
8996
8999
9003
9005
9008
9010
9014
9018
9022
9024
9026
9028
9032
9035
9040
9043
9044
9049
9052
9056
9059
9062
9066
9069
9070
9078
9080
9082
9084
9086
9090
9095
9098
9104
9106
9110
9121
9124
9126
9129
9134
9135
9138
9139
9142
9145
9151
9153
9157
9159
9265
9271
9278
9282
9284
9286
9393
9399
9406
9410
9413
9416
9423
9425
9428
9430
9434
9435
9443
9445
9448
9450
9456
9459
9462
9464
9469
9471
9474
9475
9478
9479
9486
9489
9491
9493
9496
9498
9503
9505
9509
9510
9517
9518
9526
9528
9531
9533
9535
9540
9542
9545
9549
9551
9556
9559
9563
9567
9568
9571
9573
9581
9584
9687
9689
9691
9693
9698
9701
9710
9712
9716
9718
9722
9725
9729
9734
9737
9739
9741
9743
9745
9747
9750
9753
9757
9763
9769
9770
9772
9774
9778
9783
9785
9787
9790
9795
9802
9804
9810
9812
9816
9821
9826
9828
9831
9832
9835
9838
9843
9844
9848
9850
9852
9856
9857
9859
9861
9865
9869
9876
9877
9884
9888
9894
9895
9897
9900
9904
9906
9914
9916
9918
9922
9923
9926
9927
9934
9937
9938
9944
9945
9951
9953
9956
9958
9961
9965
9966
9972
9973
9975
9977
9982
9984
9986
9989
9999
10102
10103
10106
10111
10121
10123
10125
10128
10130
10135
10137
10142
10145
10150
10154
10156
10159
10160
10165
10169
10173
10175
10181
10182
10189
10192
10294
10299
10301
10309
10313
10316
10317
10319
10321
10323
10325
10327
10330
10333
10335
10338
10340
10348
10350
10355
10356
10359
10361
10367
10370
10373
10375
10377
10380
10382
10386
10389
10393
10395
10399
10400
10403
10405
10412
10416
10419
10421
10424
10427
10430
10431
10441
10445
10448
10451
10455
10456
10458
10461
10464
10471
10477
10478
10490
10491
10494
10495
10498
10502
10506
10510
10513
10515
10517
10520
10521
10523
10526
10531
10533
10537
10539
10542
10545
10548
10563
10569
10574
10577
10580
10581
10585
10588
10589
10596
10598
10601
10604
10606
10609
10611
10614
10615
10621
10625
10626
10630
10631
10637
10640
10644
10647
10648
10653
10660
10662
10665
10673
10676
10678
10681
10684
10688
10691
10694
10703
10707
10711
10716
10720
10724
10725
10729
10732
10735
10738
10739
10745
10748
10750
10752
10755
10756
10758
10760
10762
10765
10768
10771
10772
10775
10777
10781
10783
10787
10791
10799
10804
10809
10816
10822
10824
10834
10837
10839
10842
10844
10847
10849
10853
10856
10858
10861
10863
10865
10867
10870
10875
10878
10880
10891
10893
10908
10909
10914
10917
10921
10922
10926
10927
10929
10931
10934
10937
10938
10941
10945
10946
10950
10952
10954
10956
10959
10971
10974
10976
10978
10981
10982
10986
10991
10992
10995
10996
11000
11004
11006
11008
11010
11012
11014
11017
11022
11033
11034
11043
11044
11053
11055
11060
11062
11065
11067
11069
11072
11074
11080
11084
11091
11092
11094
11098
11101
11103
11105
11108
11111
11213
11217
11219
11221
11324
11329
11332
11337
11338
11342
11344
11347
11350
11353
11356
11358
11364
11367
11371
11374
11378
11380
11383
11386
11389
11392
11402
11403
11409
11414
11418
11419
11423
11429
11431
11438
11440
11442
11447
11450
11453
11454
11458
11460
11467
11469
11474
11478
11482
11485
11493
11496
11499
11504
11507
11509
11512
11513
11518
11519
11525
11528
11531
11535
11538
11541
11544
11547
11549
11552
11554
11557
11558
11563
11565
11568
11570
11574
11576
11578
11583
11585
11594
11601
11603
11605
11609
11610
11616
11618
11621
11624
11628
11631
11634
11637
11639
11645
11651
11654
11655
11662
11665
11671
11674
11675
11677
11680
11681
11687
11692
11695
11697
11700
11702
11704
11709
11710
11712
11714
11717
11719
11724
11726
11728
11731
11733
11736
11737
11740
11741
11745
11747
11751
11754
11757
11759
11762
11763
11767
11769
11874
11876
11878
11880
11885
11886
11888
11890
11892
11897
11901
11905
11908
11912
11918
11921
11923
11927
11930
11936
11939
11941
11944
11945
11947
11950
11951
11956
11958
11961
11962
11969
11972
11974
11977
11984
11986
11989
11990
11992
11994
12001
12002
12004
12006
12008
12012
12024
12027
12029
12032
12034
12036
12038
12045
12047
12052
12053
12064
12068
12070
12074
12076
12078
12080
12084
12087
12093
12095
12101
12104
12107
12109
12117
12119
12122
12124
12137
12139
12144
12151
12160
12162
12165
12167
12169
12172
12173
12175
12178
12179
12184
12185
12188
12189
12194
12196
12199
12202
12210
12212
12214
12217
12220
12224
12227
12329
12335
12339
12342
12344
12348
12351
12359
12361
12365
12367
12370
12373
12375
12377
12379
12381
12387
12389
12392
12400
12405
12409
12413
12416
12418
12420
12424
12428
12429
12434
12436
12439
12441
12448
12452
12457
12460
12463
12464
12471
12473
12482
12487
12491
12595
12598
12604
12605
12607
12610
12612
12619
12620
12624
12627
12631
12633
12637
12640
12641
12643
12645
12655
12657
12660
12662
12665
12668
12673
12675
12684
12692
12694
12696
12700
12702
12707
12710
12712
12716
12718
12720
12723
12732
12733
12738
12740
12743
12746
12751
12752
12756
12861
12863
12866
12869
12879
12880
12887
12890
12892
12896
12897
12900
12903
12906
12908
12911
12912
12914
12916
12920
12922
12925
12928
12931
12933
12938
12939
12943
12946
12948
12951
12953
12955
12959
12963
12967
12968
12972
12974
12977
12978
13082
13085
13088
13190
13199
13204
13206
13210
13214
13217
13219
13221
13225
13227
13232
13235
13340
13343
13346
13348
13355
13356
13360
13367
13370
13372
13382
13384
13391
13396
13398
13400
13402
13406
13407
13409
13412
13418
13419
13423
13425
13427
13430
13433
13437
13439
13441
13445
13448
13450
13462
13465
13467
13470
13474
13475
13477
13479
13484
13487
13490
13492
13495
13496
13501
13504
13506
13509
13511
13515
13517
13521
13526
13528
13531
13533
13536
13537
13542
13546
13550
13553
13556
13558
13560
13563
13568
13570
13572
13575
13576
13581
13582
13585
13590
13595
13598
13605
13606
13609
13612
13615
13617
13619
13622
13625
13627
13630
13634
13638
13639
13641
13643
13646
13647
13650
13652
13657
13659
13661
13663
13666
13669
13674
13675
13678
13680
13682
13684
13689
13691
13697
13702
13705
13707
13711
13713
13717
13719
13721
13723
13729
13731
13735
13737
13739
13742
13744
13747
13748
13752
13753
13758
13759
13761
13763
13873
13875
13884
13889
13892
13894
13897
13899
13904
13907
13911
13918
13924
13930
13932
13934
13937
13940
13942
13948
14050
14059
14060
14062
14066
14072
14074
14077
14080
14085
14086
14094
14095
14103
14106
14107
14112
14114
14116
14118
14123
14134
14137
14138
14141
14142
14147
14148
14153
14154
14158
14161
14167
14169
14172
14173
14175
14179
14186
14193
14198
14202
14204
14207
14209
14211
14215
14216
14220
14221
14224
14227
14232
14237
14240
14245
14248
14250
14252
14255
14257
14260
14262
14268
14270
14274
14275
14278
14281
14286
14288
14290
14293
14298
14301
14304
14307
14310
14313
14314
14319
14322
14324
14329
14331
14334
14337
14341
14343
14347
14354
14358
14359
14363
14365
14368
14369
14373
14374
14377
14379
14381
14385
14386
14393
14394
14399
14402
14405
14407
14412
14414
14417
14418
14422
14424
14432
14433
14437
14441
14446
14449
14454
14456
14460
14464
14469
14472
14473
14476
14477
14480
14482
14486
14487
14492
14495
14497
14508
14511
14515
14520
14522
14524
14526
14531
14535
14538
14540
14543
14546
14550
14553
14554
14556
14558
14562
14564
14570
14574
14577
14581
14583
14587
14588
14594
14596
14598
14603
14606
14608
14615
14618
14620
14622
14624
14626
14629
14635
14639
14640
14650
14653
14655
14658
14664
14666
14668
14671
14672
14675
14679
14681
14688
14690
14697
14700
14702
14705
14707
14709
14712
14714
14716
14722
14726
14728
14731
14734
14736
14741
14742
14747
14748
14750
14753
14754
14761
14763
14769
14770
14773
14775
14778
14781
14782
14792
14794
14796
14798
14804
14805
14809
14811
14814
14817
14820
14825
14827
14832
14833
14836
14837
14844
14845
14847
14849
14855
14858
14860
14864
14865
14870
14874
14876
Closing down connection...
