4
8
15
16
22
23
26
29
31
34
37
38
41
143
146
150
151
155
156
159
163
165
167
173
176
178
183
189
192
194
197
199
203
207
209
212
215
218
222
228
229
231
233
237
239
242
243
246
248
251
252
255
256
260
262
266
269
272
273
280
282
286
291
295
298
302
305
307
310
314
321
323
327
328
330
332
337
339
342
344
350
352
355
357
362
464
467
468
483
485
488
490
494
496
501
504
505
509
513
518
528
531
533
536
543
545
548
550
555
559
563
564
566
568
571
573
577
581
582
585
588
592
593
597
598
607
612
614
617
620
622
629
632
635
638
643
651
656
658
661
664
670
671
677
679
682
687
692
693
695
698
699
701
703
706
708
711
713
716
717
721
723
726
727
736
743
748
749
751
753
756
757
763
765
769
772
775
879
886
889
891
894
897
901
907
909
921
925
927
1029
1031
1034
1035
1043
1045
1048
1050
1053
1057
1058
1062
1069
1071
1073
1076
1078
1084
1096
1098
1101
1106
1109
1114
1116
1119
1124
1130
1132
1135
1137
1142
1143
1145
1147
1151
1153
1157
1159
1163
1165
1168
1171
1175
1177
1183
1185
1188
1193
1205
1207
1210
1213
1222
1226
1228
1230
1233
1235
1239
1242
1245
1248
1250
1256
1258
1263
1266
1270
1271
1280
1282
1285
1289
1295
1298
1302
1308
1309
1315
1318
1320
1322
1325
1328
1332
1333
1336
1337
1340
1342
1347
1349
1353
1354
1358
1359
1363
1367
1373
1375
1381
1382
1387
1390
1395
1399
1403
1406
1411
1412
1415
1417
1419
1424
1426
1430
1433
1436
1438
1441
1444
1451
1453
1455
1458
1461
1464
1466
1468
1470
1472
1479
1487
1489
1491
1493
1496
1497
1501
1503
1507
1509
1513
1515
1520
1521
1525
1526
1530
1531
1533
1535
1544
1546
1552
1554
1561
1567
1570
1571
1574
1576
1580
1582
1588
1590
1594
1597
1598
1601
1602
1606
1608
1611
1613
1616
1619
1621
1624
1626
1628
1731
1732
1735
1739
1745
1747
1753
1755
1758
1762
1763
1768
1770
1776
1778
1784
1787
1789
1792
1794
1797
1798
1803
1809
1812
1814
1820
1822
1830
1832
1836
1837
1841
1842
1844
1848
1850
1852
1855
1857
1868
1869
1872
1874
1876
1879
1880
1883
1887
1890
1898
1900
1903
1907
1909
1911
1913
1921
1923
1926
1928
1930
1933
1936
1940
1947
1954
1956
1959
1962
1965
1969
1973
1975
1978
1980
1985
1986
2001
2003
2007
2008
2011
2013
2019
2021
2024
2025
2030
2034
2038
2039
2042
2044
2049
2052
2058
2061
2063
2065
2070
2074
2076
2085
2086
2089
2094
2096
2098
2101
2103
2106
2107
2111
2114
2118
2120
2123
2124
2127
2131
2133
2135
2141
2144
2145
2149
2151
2154
2155
2158
2159
2161
2263
2268
2269
2272
2277
2279
2282
2288
2289
2293
2295
2299
2401
2403
2406
2410
2411
2414
2416
2522
2524
2529
2531
2537
2538
2546
2547
2557
2660
2667
2669
2672
2675
2677
2682
2685
2687
2690
2692
2695
2697
2703
2704
2710
2711
2713
2716
2720
2723
2729
2730
2733
2735
2737
2739
2742
2743
2748
2750
2752
2754
2757
2759
2764
2770
2774
2878
2879
2883
2885
2889
2892
2894
2896
2899
2901
2903
2906
2908
2914
2915
2924
2925
2928
2929
2935
2937
2939
2945
2947
2952
2954
2962
2966
2969
2972
2975
2976
2979
2981
2987
2990
2993
2997
3006
3008
3012
3017
3021
3023
3029
3033
3036
3038
3040
3042
3053
3055
3058
3060
3063
3064
3067
3069
3074
3075
3079
3080
3084
3085
3091
3092
3095
3098
3103
3106
3107
3110
3112
3118
3122
3124
3128
3131
3135
3141
3145
3147
3155
3161
3163
3172
3173
3176
3178
3182
3184
3189
3197
3204
3205
3219
3221
3223
3225
3227
3229
3233
3235
3241
3242
3245
3251
3257
3259
3261
3263
3266
3267
3269
3271
3275
3277
3284
3289
3293
3296
3300
3304
3305
3308
3310
3314
3316
3319
3321
3326
3327
3334
3335
3339
3340
3347
3349
3353
3354
3359
3360
3363
3365
3368
3371
3373
3375
3378
3381
3383
3386
3389
3391
3394
3397
3399
3401
3403
3407
3409
3412
3414
3416
3418
3421
3422
3424
3426
3428
3434
3436
3441
3442
3448
3452
3456
3459
3462
3465
3467
3471
3473
3478
3481
3483
3485
3491
3494
3498
3504
3505
3511
3512
3525
3528
3532
3542
3544
3548
3552
3554
3558
3559
3565
3568
3573
3577
3580
3585
3588
3596
3598
3600
3602
3604
3606
3608
3612
3616
3618
3621
3623
3629
3634
3637
3640
3642
3645
3646
3652
3654
3659
3661
3665
3667
3671
3673
3675
3678
3680
3683
3686
3689
3693
3696
3699
3704
3706
3709
3710
3713
3715
3719
3721
3725
3728
3734
3736
3745
3747
3756
3760
3765
3767
3771
3772
3776
3778
3782
3785
3787
3789
3793
3795
3799
3804
3907
3911
3916
3919
3921
3923
3925
3928
3929
3932
3935
3937
3939
3943
3944
3947
3954
3958
3960
3963
3966
3969
3971
3979
3982
3984
3993
3998
4003
4005
4008
4011
4013
4018
4019
4026
4032
4036
4038
4040
4044
4045
4049
4050
4053
4056
4061
4062
4066
4070
4074
4079
4084
4086
4090
4092
4095
4099
4107
4110
4112
4117
4118
4121
4125
4126
4130
4133
4137
4140
4143
4146
4148
4150
4154
4159
4161
4165
4167
4173
4180
4182
4187
4189
4200
4201
4204
4207
4209
4212
4218
4221
4224
4226
4230
4232
4235
4239
4242
4245
4248
4250
4254
4256
4264
4269
4272
4274
4277
4280
4287
4289
4292
4293
4299
4300
4305
4308
4313
4315
4317
4320
4322
4325
4331
4334
4338
4343
4345
4350
4354
4358
4360
4363
4466
4471
4474
4477
4482
4485
4487
4495
4499
4500
4503
4504
4509
4510
4515
4516
4519
4520
4523
4525
4529
4531
4533
4537
4538
4541
4548
4551
4552
4559
4562
4566
4569
4572
4574
4577
4579
4585
4587
4590
4595
4600
4603
4607
4610
4611
4614
4617
4621
4622
4625
4627
4635
4636
4638
4640
4645
4650
4655
4657
4659
4662
4664
4667
4669
4671
4674
4676
4679
4681
4685
4687
4691
4693
4699
4701
4704
4706
4708
4716
4720
4724
4727
4733
4736
4739
4743
4745
4757
4758
4763
4765
4767
4769
4772
4774
4777
4781
4785
4789
4791
4795
4797
4800
4903
4908
4911
4914
4917
4921
5023
5026
5028
5035
5038
5042
5043
5045
5047
5053
5056
5063
5065
5071
5076
5077
5082
5085
5089
5091
5108
5109
5111
5115
5120
5125
5127
5131
5132
5134
5136
5139
5140
5153
5156
5157
5164
5165
5169
5171
5175
5176
5179
5180
5184
5185
5189
5190
5195
5198
5201
5204
5208
5209
5214
5215
5217
5219
5225
5229
5234
5238
5243
5245
5253
5255
5258
5259
5263
5267
5271
5275
5277
5281
5282
5290
5292
5295
5296
5300
5302
5308
5309
5319
5323
5327
5329
5334
5335
5344
5346
5349
5355
5356
5360
5362
5369
5370
5375
5377
5380
5383
5387
5390
5393
5397
5402
5404
5406
5411
5415
5420
5423
5428
5431
5439
5442
5448
5450
5452
5454
5459
5461
5466
5468
5474
5475
5578
5580
5586
5587
5589
5591
5597
5601
5608
5711
5716
5722
5723
5725
5729
5732
5735
5736
5738
5740
5744
5745
5748
5750
5755
5760
5763
5766
5767
5772
5773
5779
5782
5786
5788
5790
5792
5798
5800
5803
5806
5814
5817
5819
5832
5834
5837
5840
5844
5849
5855
5861
5867
5869
5873
5875
5877
5879
5884
5886
5888
5891
5892
5895
5897
5899
5901
5905
5909
5912
5915
5920
5933
5936
5942
5944
5946
5948
5951
5954
5959
5963
5971
5974
5981
5983
5987
5989
5994
5996
6002
6003
6005
6008
6013
6016
6018
6022
6024
6026
6029
6032
6034
6036
6038
6042
6043
6048
6050
6053
6055
6057
6060
6061
6066
6068
6072
6074
6076
6079
6087
6090
6093
6097
6098
6101
6104
6107
6109
6113
6115
6123
6129
6131
6134
6136
6139
6140
6144
6145
6151
6153
6155
6157
6159
6162
6163
6166
6169
6173
6175
6177
6180
6182
6187
6191
6195
6196
6201
6203
6205
6209
6210
6213
6216
6224
6226
6228
6230
6232
6238
6240
6247
6249
6351
6356
6358
6362
6364
6366
6368
6370
6372
6376
6479
6485
6492
6494
6496
6499
6506
6507
6510
6514
6516
6520
6527
6530
6533
6541
6544
6547
6549
6552
6554
6556
6559
6560
6563
6564
6566
6570
6571
6578
6580
6583
6587
6588
6593
6594
6597
6598
6602
6607
6611
6613
6616
6618
6625
6627
6630
6632
6634
6636
6638
6640
6643
6644
6646
6649
6651
6653
6656
6657
6664
6666
6668
6772
6774
6776
6779
6783
6787
6789
6793
6797
6806
6808
6811
6815
6817
6820
6824
6830
6833
6837
6839
6846
6849
6852
6855
6857
6861
6864
6867
6870
6872
6874
6879
6880
6883
6885
6888
6890
6893
6895
6901
6904
6908
6912
6914
6917
6921
6926
6928
6931
6932
6937
6941
6944
6946
6950
6952
6956
6963
6969
6972
6974
6976
6978
6980
6982
6990
6991
6994
6997
7003
7109
7111
7115
7120
7123
7126
7130
7133
7134
7139
7140
7142
7145
7151
7156
7160
7163
7167
7170
7176
7180
7181
7188
7190
7192
7194
7196
7198
7202
7204
7207
7209
7213
7214
7218
7219
7222
7225
7227
7229
7231
7233
7239
7240
7245
7248
7250
7254
7263
7267
7271
7272
7274
7276
7283
7286
7290
7291
7293
7295
7298
7300
7303
7305
7312
7314
7317
7321
7323
7326
7330
7337
7342
7345
7348
7349
7352
7355
7362
7364
7371
7373
7376
7378
7389
7391
7396
7397
7401
7403
7412
7414
7417
7420
7426
7427
7431
7434
7438
7440
7443
7444
7452
7454
7462
7467
7470
7471
7574
7576
7582
7583
7586
7589
7592
7597
7599
7602
7603
7606
7607
7612
7615
7617
7620
7622
7624
7627
7630
7632
7636
7640
7641
7645
7646
7652
7654
7657
7660
7664
7666
7671
7672
7676
7677
7682
7684
7687
7689
7691
7694
7696
7698
7801
7804
7806
7814
7817
7819
7826
7829
7833
7835
7837
7840
7841
7848
7850
7852
7854
7856
7858
7861
7865
7871
7872
7877
7880
7881
7887
7890
7892
7894
7902
7907
7910
7912
7919
7921
7924
7926
7931
7935
7940
7944
7951
7956
7958
7960
7964
7966
7968
7972
7976
7979
7981
7984
7990
7992
7995
7996
7999
8004
8013
8015
8017
8019
8023
8027
8034
8036
8043
8048
8053
8057
8058
8062
8064
8068
8069
8072
8073
8079
8080
8088
8090
8093
8094
8100
8101
8104
8106
8109
8114
8117
8129
8132
8135
8145
8149
8152
8154
8159
8161
8166
8170
8172
8174
8177
8180
8182
8187
8189
8191
8193
8196
8201
8203
8206
8210
8213
8215
8217
8221
8223
8229
8232
8235
8237
8242
8248
8251
8254
8259
8263
8264
8270
8273
8276
8279
8283
8284
8288
8290
8295
8298
8303
8305
8308
8309
8315
8320
8326
8328
8330
8332
8338
8341
8346
8351
8358
8364
8467
8471
8475
8477
8479
8484
8486
8491
8492
8494
8497
8503
8506
8507
8512
8518
8520
8523
8527
8529
8532
8533
8538
8541
8543
8546
8550
8551
8567
8568
8571
8574
8575
8578
8581
8586
8587
8590
8592
8596
8598
8607
8611
8616
8617
8622
8623
8628
8630
8633
8639
8642
8645
8649
8652
8658
8660
8662
8667
8677
8680
8681
8685
8687
8692
8694
8696
8698
8702
8703
8711
8714
8716
8722
8724
8729
8731
8734
8737
8742
8745
8748
8752
8756
8757
8759
8762
8764
8772
8774
8781
8784
8788
8791
8794
8796
8798
8800
8803
8804
8810
8812
8816
8817
8934
8938
8941
8943
8950
8953
8957
8960
8967
8969
8977
8979
8986
8988
8992
8994
9003
9005
9009
9013
9019
9023
9027
9029
9032
9034
9040
9044
9050
9052
9055
9057
9060
9062
9070
9072
9075
9078
9082
9085
9086
9090
9093
9095
9100
9102
9105
9107
9112
9113
9120
9122
9124
9126
9128
9132
9136
9140
9143
9145
9148
9150
9153
9155
9159
9160
9163
9164
9168
9169
9175
9176
9179
9181
9184
9187
9190
9193
9196
9199
9202
9205
9209
9213
9217
9222
9229
9231
9238
9240
9242
9244
9246
9249
9252
9255
9259
9263
9266
9270
9280
9285
9288
9293
9296
9400
9403
9409
9410
9413
9415
9418
9421
9424
9428
9432
9437
9539
9542
9543
9546
9547
9551
9556
9559
9562
9563
9569
9573
9576
9579
9583
9586
9593
9595
9597
9599
9608
9611
9614
9615
9619
9621
9623
9625
9628
9730
9733
9736
9738
9741
9742
9748
9750
9752
9757
9758
9763
9764
9766
9769
9770
9778
9780
9782
9784
9788
9790
9894
9903
9906
9907
9913
9915
9922
9923
9929
9931
9933
9935
9938
9942
9945
9948
9950
9952
9955
9959
9960
9964
9966
9971
9974
9975
9982
9984
9988
9990
9994
9997
9999
10001
10006
10007
10013
10015
10024
10025
10031
10033
10035
10037
10039
10042
10044
10048
10049
10053
10054
10058
10063
10066
10069
10075
10081
10084
10086
10092
10094
10098
10099
10105
10108
10110
10112
10119
10121
10127
10130
10140
10143
10145
10149
10151
10157
10160
10162
10166
10171
10174
10176
10181
10183
10185
10187
10189
10191
10193
10197
10201
10207
10211
10214
10217
10224
10226
10228
10232
10238
10240
10243
10246
10248
10250
10252
10259
10261
10266
10267
10271
10275
10277
10283
10299
10303
10307
10309
10312
10313
10316
10318
10321
10322
10327
10328
10331
10334
10337
10339
10342
10345
10348
10349
10354
10357
10358
10361
10364
10372
10373
10378
10384
10386
10388
10391
10396
10400
10403
10404
10407
10409
10411
10414
10416
10419
10421
10425
10426
10429
10432
10435
10437
10439
10443
10445
10449
10455
10460
10461
10463
10466
10467
10472
10475
10476
10479
10482
10484
10488
10489
10492
10494
10497
10500
10502
10504
10607
10613
10619
10621
10624
10630
10631
10636
10639
10641
10643
10652
10653
10655
10658
10663
10664
10669
10671
10674
10675
10685
10687
10691
10692
10698
10699
10702
10705
10708
10710
10712
10716
10718
10720
10722
10726
10727
10729
10731
10735
10737
10742
10744
10750
10754
10758
10759
10761
10763
10767
10770
10777
10782
10785
10789
10792
10799
10803
10804
10806
10808
10813
10814
10820
10823
10825
10830
10839
10842
10844
10846
10850
10851
10854
10856
10858
10860
10866
10869
10870
10874
10876
10879
10882
10885
10886
10890
10892
10901
10904
10906
10909
10911
10914
10917
10921
10924
10926
10930
10934
10939
10940
10943
10946
10950
10952
10958
10959
10970
10971
10977
10980
10983
10985
10987
10989
10999
11001
11005
11010
11014
11016
11019
11020
11026
11027
11031
11034
11040
11042
11047
11050
11054
11059
11063
11064
11068
11069
11074
11075
11078
11079
11081
11085
11090
11091
11095
11096
11106
11108
11111
11114
11118
11122
11123
11129
11132
11135
11137
11140
11141
11146
11149
11151
11153
11155
11162
11163
11168
11170
11175
11176
11179
11180
11183
11184
11187
11190
11194
11199
11201
11204
11207
11210
11212
11214
11222
11223
11226
11228
11231
11232
11234
11237
11239
11242
11245
11247
11249
11253
11255
11259
11260
11263
11264
11267
11270
11274
11275
11281
11283
11285
11288
11290
11295
11297
11303
11305
11307
11309
11311
11315
11317
11323
11331
11436
11437
11439
11442
11443
11447
11451
11455
11459
11464
11465
11469
11474
11479
11480
11483
11486
11489
11495
11497
11500
11502
11505
11506
11512
11519
11527
11530
11532
11538
11541
11544
11547
11548
11554
11556
11563
11566
11572
11576
11580
11582
11584
11589
11592
11606
11607
11622
11623
11626
11628
11633
11635
11640
11648
11650
11753
11754
11756
11758
11760
11762
11766
11767
11769
11772
11777
11781
11783
11791
11792
11797
11798
11803
11808
11811
11814
11817
11819
11822
11824
11826
11828
11831
11832
11834
11837
11838
11842
11843
11846
11848
11853
11854
11859
11860
11863
11865
11867
11871
11874
11884
11890
11898
11901
11903
11905
11909
11913
11915
11921
11923
11926
11927
11929
11931
11934
11939
11942
11943
11948
11950
11956
11958
11961
11963
11966
11967
11972
11976
11982
11983
11985
11988
11990
11992
11995
12000
12007
12009
12011
12014
12019
12021
12023
12026
12029
12030
12033
12037
12041
12043
12045
12049
12050
12054
12055
12058
12061
12065
12067
12071
12073
12075
12078
12082
12084
12086
12088
12093
12095
12102
12103
12109
12112
12115
12116
12120
12123
12126
12128
12133
12135
12138
12140
12142
12144
12252
12256
12263
12265
12267
12269
12273
12275
12277
12281
12283
12290
12292
12294
12296
12303
12306
12309
12314
12316
12321
12322
12326
12328
12335
12339
12342
12344
12348
12350
12353
12355
12361
12362
12365
12366
12368
12370
12372
12374
12378
12381
12384
12385
12391
12395
12400
12401
12406
12407
12410
12412
12415
12416
12422
12426
12429
12432
12434
12437
12439
12442
12444
12448
12451
12453
12455
12459
12461
12466
12468
12472
12474
12478
12480
12486
12489
12494
12495
12500
12502
12505
12507
12514
12516
12518
12521
12523
12527
12531
12537
12539
12542
12543
12546
12547
12549
12551
12555
12556
12560
12562
12567
12569
12574
12583
12585
12588
12589
12592
12597
12604
12607
12612
12615
12619
12624
12628
12630
12634
12635
12638
12645
12649
12650
12654
12657
12658
12661
12666
12668
12670
12673
12675
12678
12679
12687
12689
12694
12696
12700
12702
12705
12706
12709
12713
12719
12724
12727
12733
12736
12739
12742
12744
12747
12749
12755
12757
12759
12764
12765
12769
12770
12772
12774
12779
12783
12788
12791
12794
12796
12800
12803
12805
12808
12809
12815
12816
12824
12825
12833
12837
12840
12842
12845
12848
12850
12852
12859
12863
12866
12868
12872
12874
12878
12880
12884
12888
12893
12897
12900
12902
12905
12908
12915
12921
12923
12925
12929
12931
12934
12936
12938
12941
12944
12945
12950
12951
12955
12960
13063
13064
13069
13071
13082
13083
13095
13098
13100
13103
13108
13109
13112
13114
13120
13122
13127
13128
13130
13134
13136
13138
13141
13142
13144
13146
13158
13161
13163
13165
13168
13172
13174
13177
13179
13181
13183
13187
13189
13191
13194
13196
13199
13201
13207
13213
13219
13221
13227
13230
13233
13235
13241
13243
13245
13247
13249
13256
13260
13262
13268
13271
13272
13276
13278
13282
13284
13286
13289
13292
13294
13299
13300
13304
13306
13308
13312
13315
13317
13320
13321
13324
13325
13329
13333
13335
13337
13339
13345
13347
13352
13354
13358
13360
13364
13367
13370
13372
13374
13376
13381
13382
13386
13388
13392
13394
13398
13400
13403
13404
13408
13410
13414
13417
13420
13425
13429
13431
13434
13435
13441
13443
13458
13460
13465
13469
13474
13476
13478
13480
13485
13488
13490
13492
13495
13497
13500
13502
13506
13508
13511
13512
13519
13521
13524
13527
13528
13530
13534
13537
13539
13542
13543
13547
13549
13554
13556
13560
13564
13569
13570
13574
13577
13581
13583
13585
13588
13591
13594
13596
13599
13600
13606
13608
13614
13616
13620
13623
13626
13628
13631
13633
13638
13642
13647
13655
13658
13659
13664
13665
13669
13671
13675
13676
13678
13682
13683
13686
13689
13693
13694
13698
13700
13705
13708
13714
13717
13723
13726
13730
13735
13740
13742
13746
13749
13754
13756
13763
13764
13767
13769
13774
13778
13781
13783
13785
13887
13891
13894
13901
13903
13908
13913
13915
13918
13921
13924
13927
13933
13936
13939
13940
13945
13946
13949
13953
13959
13960
13963
13965
13971
13973
13978
13980
13986
13990
13994
13995
14000
14002
14004
14008
14011
14013
14015
14017
14019
14021
14023
14025
14027
14030
14033
14035
14040
14042
14044
14047
14048
14054
14057
14060
14061
14076
14078
14081
14083
14090
14093
14095
14097
14099
14101
14107
14110
14113
14115
14121
14127
14131
14132
14137
14139
14144
14146
14151
14152
14155
14157
14162
14165
14170
14172
14174
14177
14179
14182
14186
14190
14192
14199
14201
14204
14210
14214
14217
14221
14223
14225
14228
14237
14239
14243
14246
14249
14253
14258
14261
14269
14274
14276
14282
14284
14287
14289
14291
14296
14297
14302
14305
14307
14310
14312
14321
14322
14324
14328
14330
14333
14334
14338
14339
14341
14445
14447
14451
14453
14456
14457
14460
14473
14477
14478
14480
14482
14486
14489
14501
14503
14508
14509
14512
14513
14516
14519
14522
14523
14526
14528
14531
14532
14537
14539
14541
14544
14548
14553
14557
14558
14561
14563
14567
14569
14571
14573
14576
14578
14581
14583
14586
14588
14590
14593
14595
14599
14601
14605
14606
14609
14612
14617
14618
14623
14625
14632
14636
14638
14644
14655
14659
14662
14669
14671
14681
14687
14690
14693
14698
14700
14713
14715
14719
14721
14725
14726
14734
14736
14740
14742
14745
14748
14751
14754
14758
14766
14769
14774
14777
14780
14782
14784
14788
14789
14791
14796
14799
14801
14803
14806
14809
14812
14815
14818
14822
14823
14828
14833
14836
14837
14839
14842
14846
14848
14850
14853
14857
14861
14863
14867
14870
14875
14879
14882
14885
14893
14896
14899
14901
14906
14909
14912
14914
14916
14919
14922
14923
14930
14931
14933
14935
14938
14943
14947
14949
14953
14956
14958
14961
14963
14973
14975
14979
14980
14985
14987
14989
14991
14994
14998
15002
15003
15008
15009
15012
15015
15019
15021
Closing down connection...
