4
6
9
13
16
19
21
29
35
39
40
46
47
55
56
61
65
68
69
73
77
80
85
88
90
92
95
98
100
104
105
108
110
112
116
118
121
124
126
134
135
140
142
145
155
158
161
164
170
174
175
180
181
186
188
192
197
201
204
206
209
213
216
220
227
229
233
235
239
240
242
245
250
253
255
257
259
263
264
266
269
270
273
275
283
285
289
291
293
295
298
300
305
307
310
313
315
318
426
427
431
432
435
442
446
447
453
456
457
463
468
472
473
476
478
482
485
488
491
493
495
497
501
503
505
508
510
514
517
519
525
528
532
535
538
541
545
548
551
556
560
562
564
567
572
574
576
582
584
590
599
602
605
606
608
610
614
619
626
628
631
640
648
651
652
656
658
661
665
667
669
674
676
680
686
692
695
699
706
708
710
712
715
717
720
723
725
728
731
739
741
745
749
752
762
764
768
772
774
777
780
783
788
791
792
794
796
801
804
819
821
825
827
830
832
838
839
842
845
851
853
857
858
861
863
866
869
871
873
880
885
889
992
994
998
999
1001
1003
1006
1007
1012
1013
1016
1019
1023
1025
1029
1030
1036
1038
1043
1046
1049
1052
1056
1057
1062
1064
1067
1069
1071
1075
1076
1080
1082
1087
1088
1092
1093
1097
1098
1100
1103
1108
1113
1117
1123
1131
1138
1141
1144
1146
1150
1153
1158
1161
1163
1165
1167
1172
1174
1179
1182
1184
1187
1189
1195
1197
1200
1203
1205
1216
1222
1225
1227
1229
1331
1335
1339
1340
1345
1348
1351
1354
1361
1365
1368
1373
1379
1383
1392
1395
1397
1402
1404
1406
1408
1410
1412
1414
1416
1418
1420
1422
1430
1432
1435
1436
1439
1441
1444
1445
1447
1451
1453
1456
1459
1461
1464
1470
1475
1478
1479
1481
1484
1486
1488
1490
1492
1494
1503
1506
1507
1510
1512
1514
1522
1524
1527
1529
1532
1533
1536
1540
1543
1545
1547
1550
1552
1557
1558
1565
1566
1568
1570
1576
1579
1583
1586
1587
1590
1594
1598
1602
1605
1607
1612
1614
1618
1619
1624
1625
1628
1630
1633
1636
1637
1642
1645
1648
1651
1656
1659
1662
1663
1665
1669
1671
1677
1678
1684
1685
1693
1701
1704
1707
1713
1716
1720
1723
1725
1727
1729
1731
1737
1738
1741
1743
1745
1747
1751
1752
1755
1756
1759
1762
1764
1766
1768
1770
1772
1775
1776
1779
1780
1784
1785
1788
1789
1795
1798
1802
1803
1809
1811
1815
1817
1821
1824
1826
1828
1830
1833
1834
1836
1839
1842
1847
1851
1852
1855
1857
1859
1863
1864
1867
1868
1871
1874
1876
1881
1883
1886
1888
1896
1897
1904
1908
1910
1912
1914
1918
1921
1923
1928
1930
1933
1936
1944
1947
1948
1952
1953
1957
1960
1963
1965
1969
1970
1975
1977
1980
1981
1984
1987
1991
1993
1997
2000
2004
2007
2012
2015
2019
2022
2025
2031
2035
2039
2042
2048
2050
2054
2055
2057
2059
2062
2063
2065
2068
2069
2076
2078
2086
2087
2091
2092
2098
2102
2106
2109
2113
2115
2118
2120
2123
2127
2136
2137
2144
2146
2150
2151
2159
2160
2164
2167
2173
2179
2184
2186
2191
2201
2204
2205
2207
2209
2212
2214
2217
2221
2223
2226
2229
2233
2336
2338
2341
2343
2346
2350
2353
2357
2359
2363
2364
2370
2371
2374
2376
2379
2380
2385
2386
2390
2392
2396
2398
2401
2404
2406
2409
2411
2417
2418
2420
2422
2427
2429
2433
2440
2442
2444
2447
2450
2453
2454
2461
2464
2468
2471
2475
2476
2480
2484
2486
2489
2493
2499
2502
2506
2510
2511
2513
2515
2517
2519
2522
2524
2528
2529
2531
2533
2536
2539
2544
2547
2549
2552
2558
2567
2570
2573
2582
2585
2587
2589
2592
2599
2601
2605
2610
2613
2615
2618
2620
2622
2624
2628
2636
2640
2641
2648
2650
2654
2655
2659
2662
2665
2667
2670
2672
2674
2676
2678
2680
2682
2685
2686
2690
2692
2694
2696
2699
2703
2712
2718
2722
2724
2726
2728
2730
2733
2736
2738
2740
2742
2744
2746
2750
2751
2754
2757
2759
2764
2765
2768
2770
2773
2774
2783
2785
2787
2790
2792
2796
2798
2803
2806
2809
2811
2814
2816
2820
2823
2827
2828
2831
2835
2838
2840
2847
2848
2852
2853
2858
2860
2864
2867
2872
2873
2876
2978
2982
2987
2990
2992
2995
2996
3000
3003
3005
3010
3016
3021
3024
3033
3034
3042
3043
3046
3048
3055
3056
3058
3060
3063
3064
3067
3069
3074
3075
3080
3082
3085
3088
3192
3193
3198
3199
3201
3203
3206
3208
3214
3215
3222
3223
3225
3227
3230
3232
3237
3239
3242
3245
3250
3256
3260
3263
3265
3268
3271
3275
3278
3283
3285
3287
3289
3292
3296
3299
3301
3303
3307
3309
3314
3315
3320
3321
3323
3325
3331
3333
3336
3339
3340
3342
3344
3346
3350
3352
3355
3357
3360
3365
3368
3375
3379
3380
3384
3386
3388
3392
3394
3397
3402
3404
3407
3409
3413
3415
3418
3421
3425
3427
3429
3431
3433
3438
3443
3445
3447
3449
3451
3454
3457
3462
3467
3469
3476
3477
3480
3482
3485
3489
3494
3496
3501
3502
3506
3508
3511
3514
3516
3518
3521
3523
3528
3530
3534
3535
3537
3539
3545
3547
3551
3558
3560
3564
3570
3571
3577
3578
3584
3585
3592
3593
3599
3606
3615
3619
3621
3623
3626
3634
3638
3640
3645
3647
3649
3653
3656
3658
3660
3664
3666
3673
3675
3677
3680
3681
3686
3688
3691
3692
3695
3798
3800
3806
3808
3811
3812
3815
3818
3820
3823
3828
3829
3837
3838
3843
3846
3849
3851
3857
3858
3862
3863
3865
3867
3870
3877
3881
3884
3885
3888
3889
3893
3895
3897
3899
3903
3907
3909
3911
3913
3916
3919
3920
3927
3930
3934
3936
3939
3942
3945
3949
3951
3953
3958
3959
3966
3968
3971
3973
3978
3980
3983
3985
3988
3991
3996
3997
4001
4003
4007
4009
4019
4022
4026
4028
4033
4036
4037
4043
4046
4050
4052
4054
4056
4059
4061
4064
4070
4074
4077
4079
4081
4086
4089
4091
4093
4096
4097
4099
4103
4105
4108
4110
4113
4115
4119
4122
4125
4126
4129
4131
4134
4136
4138
4140
4146
4148
4150
4153
4154
4158
4160
4163
4167
4169
4172
4175
4177
4182
4183
4187
4189
4191
4193
4198
4201
4205
4208
4218
4219
4225
4228
4231
4236
4237
4240
4242
4245
4247
4250
4251
4359
4360
4363
4364
4367
4372
4373
4378
4380
4382
4384
4386
4389
4391
4396
4397
4405
4406
4409
4412
4422
4425
4428
4435
4436
4438
4442
4444
4448
4450
4454
4457
4459
4461
4463
4465
4468
4471
4472
4476
4481
4485
4487
4489
4492
4495
4497
4499
4502
4505
4508
4509
4511
4514
4516
4522
4525
4527
4532
4537
4539
4541
4545
4547
4549
4551
4557
4559
4565
4566
4573
4574
4585
4586
4590
4599
4613
4615
4622
4625
4626
4630
4631
4635
4637
4647
4652
4654
4656
4658
4661
4662
4671
4673
4676
4680
4687
4691
4699
4702
4707
4711
4714
4718
4719
4721
4724
4729
4731
4733
4737
4742
4744
4749
4750
4754
4756
4759
4766
4769
4772
4777
4778
4780
4782
4788
4789
4792
4794
4796
4799
4804
4807
4808
4811
4813
4815
4817
4819
4821
4825
4827
4830
4833
4837
4840
4845
4847
4850
4852
4855
4857
4860
4861
4863
4865
4868
4870
4872
4875
4877
4880
4883
4886
4889
4891
4893
4895
4898
4901
4902
4905
4915
4919
4920
4924
4926
4929
4932
4934
4936
4939
4943
4945
4948
4955
4960
4962
4967
4968
4970
4973
4975
4979
4980
4984
4986
4988
4990
4994
4996
5003
5005
5008
5010
5012
5014
5016
5019
5022
5025
5029
5032
5033
5037
5044
5047
5053
5055
5059
5061
5063
5066
5071
5072
5076
5077
5080
5083
5084
5089
5094
5100
5102
5105
5107
5110
5113
5116
5118
5121
5123
5126
5128
5132
5133
5139
5141
5243
5245
5247
5251
5253
5258
5261
5263
5266
5268
5270
5274
5275
5278
5282
5285
5288
5289
5291
5293
5296
5297
5299
5301
5306
5307
5314
5318
5324
5328
5329
5334
5337
5342
5344
5347
5349
5353
5356
5362
5364
5368
5369
5374
5378
5380
5482
5490
5492
5497
5501
5505
5509
5510
5516
5517
5525
5528
5533
5534
5536
5538
5540
5542
5547
5549
5553
5556
5559
5562
5564
5571
5575
5579
5582
5585
5590
5592
5600
5601
5605
5610
5613
5615
5624
5627
5628
5632
5634
5645
5647
5651
5653
5656
5659
5664
5668
5671
5776
5779
5786
5788
5791
5793
5802
5804
5808
5810
5812
5815
5820
5828
5830
5838
5840
5843
5845
5850
5853
5857
5860
5861
5866
5867
5873
5875
5878
5883
5885
5888
5889
5891
5893
5896
5899
5902
5904
5907
5910
5913
5920
5922
5924
5928
5931
5936
5938
5943
5944
5947
5949
5954
5957
5960
5961
5966
5967
5970
5973
5975
5979
5980
5984
5986
5988
5990
5992
5994
5996
6000
6004
6008
6010
6012
6015
6019
6024
6026
6029
6033
6034
6038
6040
6043
6044
6046
6048
6054
6056
6061
6063
6065
6068
6069
6074
6078
6083
6087
6088
6091
6094
6097
6098
6102
6111
6114
6116
6118
6121
6124
6128
6130
6133
6134
6137
6139
6143
6145
6149
6150
6155
6156
6160
6161
6166
6167
6173
6175
6178
6182
6187
6196
6205
6211
6213
6215
6217
6219
6224
6225
6228
6230
6234
6236
6238
6240
6244
6247
6251
6253
6258
6259
6262
6266
6270
6271
6275
6278
6280
6284
6286
6290
6292
6301
6304
6313
6316
6317
6320
6324
6334
6337
6341
6345
6348
6350
6352
6355
6356
6361
6363
6365
6369
6373
6375
6381
6382
6386
6391
6393
6398
6403
6408
6412
6416
6418
6422
6426
6431
6437
6439
6443
6445
6447
6450
6452
6454
6458
6459
6462
6464
6466
6468
6471
6473
6478
6488
6499
6501
6505
6506
6509
6512
6514
6516
6521
6522
6526
6529
6531
6534
6536
6540
6541
6546
6552
6555
6557
6560
6561
6566
6569
6572
6574
6578
6580
6583
6584
6588
6591
6594
6596
6600
6601
6604
6606
6612
6618
6623
6625
6731
6736
6740
6744
6746
6751
6754
6761
6763
6765
6768
6770
6774
6778
6783
6788
6791
6793
6797
6798
6801
6805
6809
6813
6817
6819
6825
6826
6829
6832
6833
6836
6839
6841
6843
6845
6848
6851
6852
6854
6856
6859
6865
6870
6872
6874
6877
6880
6883
6884
6886
6888
6892
6894
6896
6899
6903
6905
6910
6913
6916
6925
6928
6929
6934
6946
6953
6956
6967
6970
6972
6980
7082
7087
7090
7091
7097
7098
7101
7103
7106
7210
7211
7214
7217
7220
7223
7225
7228
7229
7232
7236
7240
7244
7246
7248
7254
7258
7263
7268
7275
7276
7278
7280
7284
7289
7293
7295
7299
7301
7307
7313
7317
7320
7323
7326
7329
7331
7337
7341
7347
7350
7352
7355
7362
7365
7368
7371
7374
7377
7379
7383
7388
7389
7392
7394
7397
7398
7402
7404
7407
7408
7412
7424
7427
7429
7431
7433
7436
7440
7443
7446
7449
7452
7456
7458
7461
7462
7465
7467
7473
7474
7477
7478
7481
7484
7486
7488
7492
7497
7504
7505
7510
7513
7516
7520
7521
7524
7525
7528
7531
7532
7536
7540
7541
7544
7547
7549
7552
7555
7560
7564
7565
7569
7571
7574
7577
7580
7581
7583
7585
7589
7592
7599
7603
7605
7609
7610
7612
7615
7616
7621
7625
7629
7630
7632
7634
7636
7640
7642
7646
7649
7652
7655
7657
7659
7663
7665
7670
7671
7675
7679
7682
7686
7691
7694
7700
7704
7706
7711
7712
7721
7722
7725
7730
7731
7738
7741
7745
7746
7748
7750
7755
7758
7763
7766
7769
7771
7774
7778
7779
7788
7789
7801
7803
7806
7808
7810
7816
7821
7823
7826
7830
7833
7839
7841
7845
7846
7850
7851
7854
7858
7860
7864
7865
7874
7877
7882
7883
7885
7887
7890
7893
7894
7903
7904
7906
7908
7911
7913
7917
7918
7923
7928
7930
7933
7936
7938
7942
7944
7946
7949
7951
7953
7956
7962
7964
7966
7969
7972
7977
7979
7982
7984
7986
7989
7990
7994
7995
7998
8000
8006
8010
8011
8015
8017
8020
8022
8026
8027
8030
8032
8036
8039
8043
8046
8049
8051
8053
8057
8058
8063
8065
8068
8073
8076
8080
8081
8085
8086
8091
8093
8098
8100
8103
8107
8109
8112
8113
8118
8120
8128
8130
8132
8135
8138
8140
8243
8244
8246
8248
8250
8252
8255
8260
8263
8266
8270
8272
8274
8277
8279
8281
8284
8286
8290
8292
8297
8300
8302
8304
8307
8308
8312
8316
8318
8320
8324
8325
8331
8332
8338
8340
8345
8346
8350
8352
8358
8360
8368
8370
8372
8374
8377
8382
8385
8387
8390
8392
8395
8397
8401
8405
8411
8413
8417
8420
8422
8428
8432
8435
8437
8444
8445
8448
8449
8459
8462
8468
8471
8473
8480
8481
8585
8588
8590
8592
8595
8597
8601
8602
8605
8606
8610
8613
8616
8620
8621
8629
8631
8633
8636
8637
8640
8642
8645
8647
8649
8653
8656
8661
8662
8665
8668
8671
8673
8675
8678
8680
8682
8685
8689
8692
8694
8696
8699
8702
8712
8714
8722
8723
8728
8729
8738
8742
8747
8750
8752
8756
8759
8762
8764
8766
8768
8772
8774
8781
8782
8785
8791
8800
8804
8807
8810
8813
8817
8818
8821
8825
8829
8830
8833
8836
8841
8842
8845
8847
8850
8852
8854
8856
8859
8861
8866
8870
8872
8875
8878
8882
8885
8892
8894
8896
8899
8900
8904
8905
8908
8912
8917
8918
8921
8924
8927
8929
8931
8933
8935
8938
8940
8942
8948
8950
8952
8955
8956
8961
8967
8971
8974
8976
8979
8983
8985
8988
8991
8993
8997
8999
9002
9008
9014
9018
9023
9025
9032
9034
9036
9039
9043
9047
9050
9051
9053
9055
9061
9062
9068
9069
9071
9078
9079
9081
9083
9085
9088
9092
9094
9097
9101
9103
9107
9109
9114
9117
9120
9124
9127
9129
9134
9136
9140
9145
9150
9152
9160
9162
9167
9172
9176
9177
9184
9190
9193
9196
9198
9201
9203
9208
9210
9212
9214
9216
9223
9224
9230
9233
9235
9238
9240
9244
9246
9248
9250
9253
9254
9257
9258
9261
9262
9265
9267
9269
9272
9274
9276
9280
9282
9286
9289
9294
9295
9298
9299
9301
9304
9306
9308
9311
9313
9316
9318
9321
9322
9325
9327
9333
9335
9339
9342
9343
9345
9348
9351
9354
9357
9359
9365
9367
9373
9376
9379
9381
9385
9387
9390
9391
9395
9396
9404
9406
9409
9412
9415
9417
9420
9422
9426
9428
9433
9435
9438
9440
9442
9446
9448
9455
9458
9463
9470
9472
9479
9481
9485
9486
9489
9490
9492
9494
9497
9507
9510
9512
9520
9523
9527
9529
9531
9534
9536
9540
9543
9545
9547
9554
9556
9560
9563
9566
9569
9570
9574
9576
9581
9584
9588
9589
9591
9593
9596
9598
9600
9603
9604
9608
9611
9617
9627
9630
9636
9640
9641
9645
9647
9651
9652
9655
9658
9660
9664
9667
9670
9672
9676
9678
9680
9682
9686
9689
9693
9697
9700
9704
9706
9711
9716
9719
9720
9722
9725
9726
9729
9731
9738
9742
9746
9750
9752
9754
9756
9759
9762
9767
9770
9772
9777
9781
9783
9792
9795
9898
9900
9903
9905
9910
9916
9923
9924
9927
9929
9932
9938
9942
9945
9948
9949
9952
9955
9961
9968
9972
9975
9976
9985
9987
9992
9994
9997
9999
10001
10004
10006
10008
10010
10014
10016
10021
10024
10026
10028
10032
10035
10038
10041
10043
10047
10049
10059
10062
10065
10067
10070
10072
10079
10081
10084
10088
10090
10192
10197
10198
10201
10202
10204
10206
10216
10219
10225
10228
10230
10232
10240
10241
10244
10247
10249
10251
10254
10256
10258
10262
10263
10265
10267
10270
10273
10275
10277
10283
10286
10288
10293
10294
10397
10398
10402
10405
10409
10413
10416
10422
10424
10426
10431
10432
10434
10439
10446
10451
10453
10457
10459
10463
10465
10469
10471
10474
10475
10477
10479
10482
10484
10487
10489
10494
10497
10499
10502
10506
10507
10510
10513
10516
10518
10521
10523
10529
10532
10538
10543
10547
10551
10554
10559
10561
10563
10565
10569
10571
10574
10575
10584
10587
10592
10601
10605
10607
10613
10615
10618
10619
10622
10624
10632
10635
10638
10641
10644
10652
10656
10659
10663
10665
10668
10670
10673
10678
10681
10687
10688
10690
10693
10699
10703
10705
10709
10711
10714
10716
10718
10721
10724
10730
10736
10738
10745
10750
10753
10757
10758
10761
10762
10766
10768
10772
10774
10780
10785
10787
10789
10793
10797
10799
10802
10807
10813
10814
10817
10819
10823
10826
10830
10835
10836
10841
10842
10844
10847
10849
10952
10953
10956
10960
10968
10970
10973
10977
10982
10986
10990
10992
10996
10999
11002
11005
11008
11010
11013
11015
11017
11020
11022
11127
11128
11134
11136
11138
11141
11142
11146
11148
11150
11154
11156
11159
11160
11162
11165
11167
11173
11176
11178
11180
11186
11188
11190
11195
11199
11201
11203
11206
11207
11210
11213
11214
11217
11220
11222
11224
11229
11234
11236
11238
11240
11242
11244
11253
11255
11258
11260
11265
11268
11269
11273
11275
11281
11284
11289
11296
11299
11401
11406
11408
11412
11413
11418
11419
11424
11425
11428
11429
11432
11435
11440
11442
11445
11447
11449
11452
11455
11460
11463
11465
11467
11469
11473
11481
11490
11498
11501
11503
11507
11508
11512
11514
11518
11522
11527
11532
11533
11541
11544
11548
11560
11567
11568
11574
11579
11588
11589
11594
11595
11598
11601
11603
11606
11610
11615
11619
11620
11623
11625
11627
11629
11632
11634
11639
11641
11643
11646
11651
11653
11657
11658
11660
11662
11666
11668
11670
11672
11675
11677
11682
11683
11689
11690
11696
11698
11701
11702
11705
11706
11708
11710
11715
11719
11721
11725
11731
11736
11738
11742
11744
11752
11755
11759
11761
11763
11769
11773
11775
11779
11780
11785
11787
11789
11791
11794
11798
11802
11803
11807
11811
11814
11816
11818
11820
11824
11827
11829
11831
11834
11836
11839
11941
11945
11947
11952
11954
11964
11965
11967
11969
11972
11977
11981
11985
11991
11993
11999
12001
12006
12008
12010
12013
12014
12023
12025
12030
12032
12036
12039
12042
12046
12050
12051
12057
12059
12067
12069
12071
12073
12075
12092
12093
12100
12102
12104
12107
12118
12121
12124
12127
12128
12131
12135
12142
12144
12152
12153
12155
12157
12160
12161
12163
12166
12175
12178
12181
12187
12191
12194
12198
12199
12202
12204
12206
12208
12212
12214
12220
12223
12229
12230
12335
12338
12344
12346
12349
12354
12355
12363
12364
12368
12369
12381
12384
12386
12388
12391
12394
12396
12399
12400
12406
12409
12413
12415
12418
12420
12424
12425
12428
12431
12434
12438
12439
12442
12444
12446
12449
12453
12459
12460
12463
12467
12472
12473
12478
12480
12482
12484
12491
12492
12494
12497
12499
12502
12506
12508
12510
12513
12516
12524
12526
12531
12534
12540
12541
12544
12546
12649
12650
12656
12660
12664
12667
12668
12671
12675
12679
12680
12694
12695
12700
12701
12705
12706
12712
12715
12717
12719
12722
12727
12733
12736
12739
12742
12745
12747
12749
12751
12753
12759
12761
12763
12765
12768
12770
12772
12783
12784
12788
12789
12792
12794
12800
12801
12808
12809
12817
12819
12822
12823
12826
12830
12841
12844
12849
12850
12855
12857
12859
12861
12866
12968
12973
12978
12981
12985
12992
12995
12998
13002
13005
13012
13016
13018
13024
13030
13033
13034
13037
13039
13042
13045
13048
13051
13053
13056
13057
13059
13061
13064
13067
13070
13072
13075
13076
13079
13082
13087
13090
13094
13096
13099
13102
13103
13107
13110
13112
13115
13116
13120
13122
13126
13127
13131
13132
13134
13137
13139
13141
13151
13153
13156
13158
13160
13265
13267
13270
13273
13275
13277
13281
13282
13290
13291
13294
13296
13299
13300
13303
13305
13309
13312
13317
13323
13325
13331
13340
13345
13348
13355
13360
13364
13367
13368
13374
13376
13379
13381
13383
13388
13391
13394
13397
13401
13403
13406
13407
13417
13419
13422
13426
13430
13433
13437
13438
13444
13447
13448
13454
13455
13458
13460
13467
13472
13475
13476
13480
13483
13484
13486
13490
13492
13500
13502
13506
13508
13511
13512
13515
13517
13524
13527
13530
13532
13534
13536
13539
13542
13544
13548
13552
13554
13556
13559
13561
13565
13568
13573
13574
13577
13579
13581
13588
13593
13595
13597
13600
13601
13604
13605
13614
13616
13621
13623
13625
13627
13629
13631
13635
13638
13639
13645
13647
13651
13655
13660
13661
13664
13667
13668
13673
13674
13677
13680
13682
13684
13686
13690
13693
13694
13698
13703
13706
13708
13712
13714
13716
13720
13722
13725
13728
13732
13734
13736
13738
13740
13744
13745
13748
13753
13758
13759
13764
13766
13771
13776
13778
13780
13784
13785
13790
13792
13797
13798
13800
13803
13804
13812
13813
13816
13918
13921
13923
13930
13931
13938
13945
13949
13952
13955
13957
13961
13962
13964
13966
13968
13971
13973
13984
13987
13991
13995
13998
14000
14003
14005
14010
14013
14016
14017
14024
14025
14032
14034
14038
14040
14042
14046
14051
14054
14057
14062
14064
14066
14070
14074
14080
14082
14085
14086
14091
14094
14099
14103
14107
14109
14114
14118
14121
14125
14127
14133
14134
14137
14138
14146
14147
14153
14159
14161
14166
14169
14171
14177
14181
14185
14186
14191
14193
14197
14198
14204
14208
14211
14213
14215
14217
14227
14230
14235
14240
14243
14245
14249
14256
14260
14265
14267
14270
14271
14274
14279
14281
14284
14286
14288
14290
14293
14298
Closing down connection...
