8
10
14
15
21
22
25
28
31
32
37
39
41
43
46
49
51
54
57
61
62
69
71
73
76
79
82
84
87
89
92
94
97
98
102
104
107
109
111
115
118
120
123
126
128
134
135
140
142
148
149
154
157
159
162
167
171
172
175
176
181
183
188
189
191
193
196
197
201
204
207
208
212
217
220
222
225
230
233
235
237
240
244
245
247
251
252
256
263
265
267
270
275
276
278
281
283
288
290
294
296
300
305
309
311
317
318
323
324
331
336
339
343
344
353
354
359
360
364
366
371
372
378
380
382
386
395
399
402
408
409
411
414
417
423
426
438
441
447
449
453
455
458
460
463
466
469
473
475
477
483
486
493
498
504
506
511
513
515
518
525
528
529
531
534
540
543
547
549
553
555
561
564
567
568
571
574
579
580
582
584
588
591
594
596
601
605
608
609
612
614
619
621
624
626
630
631
633
636
640
642
646
650
652
654
656
658
671
675
681
685
687
692
696
701
702
705
706
712
715
717
720
723
727
731
732
736
742
752
759
761
763
772
774
778
780
782
785
790
792
796
803
804
812
815
819
820
827
828
835
837
841
843
848
850
852
855
863
871
877
881
882
884
886
890
892
895
896
899
901
905
907
911
913
917
919
923
924
932
933
938
941
942
945
949
952
958
960
962
965
970
974
981
983
989
992
994
998
1000
1003
1005
1009
1014
1018
1021
1023
1027
1029
1032
1034
1036
1038
1043
1044
1050
1059
1067
1069
1072
1075
1080
1083
1086
1089
1092
1094
1097
1102
1103
1105
1107
1112
1113
1115
1117
1123
1127
1133
1136
1138
1143
1145
1147
1150
1152
1156
1157
1162
1163
1165
1167
1169
1172
1173
1175
1177
1180
1182
1192
1195
1196
1199
1200
1203
1204
1211
1215
1218
1219
1222
1224
1226
1233
1234
1244
1246
1250
1252
1255
1257
1260
1263
1267
1270
1272
1274
1277
1280
1282
1284
1288
1290
1293
1294
1296
1298
1301
1302
1306
1309
1310
1315
1326
1334
1336
1350
1352
1356
1360
1365
1375
1382
1385
1390
1391
1394
1397
1400
1401
1405
1407
1412
1415
1418
1426
1431
1434
1438
1439
1443
1445
1447
1451
1454
1455
1460
1462
1465
1468
1469
1479
1481
1484
1486
1494
1498
1500
1502
1505
1508
1510
1513
1515
1520
1522
1524
1527
1528
1532
1534
1536
1538
1541
1543
1546
1548
1551
1553
1555
1558
1559
1563
1565
1567
1570
1571
1577
1584
1587
1590
1593
1596
1599
1600
1603
1606
1609
1612
1624
1626
1628
1630
1632
1634
1639
1641
1648
1653
1659
1662
1664
1667
1669
1671
1676
1677
1682
1683
1686
1692
1697
1701
1706
1707
1711
1713
1715
1717
1726
1728
1731
1733
1735
1738
1740
1743
1745
1748
1750
1754
1755
1758
1761
1764
1765
1771
1774
1778
1780
1784
1785
1790
1792
1796
1797
1802
1804
1807
1811
1815
1818
1821
1824
1828
1829
1832
1833
1835
1839
1843
1846
1847
1851
1855
1858
1862
1863
1867
1868
1870
1872
1875
1878
1882
1885
1887
1890
1892
1894
1899
1901
1905
1906
1916
1920
1923
1926
1930
1932
1935
1938
1942
1951
1955
1961
1964
1970
1971
1973
1975
1979
1984
1987
1990
1992
1997
1999
2002
2006
2007
2010
2013
2018
2020
2031
2034
2037
2040
2042
2044
2052
2061
2063
2067
2068
2072
2074
2076
2081
2084
2089
2091
2094
2096
2100
2102
2109
2111
2114
2116
2120
2121
2123
2127
2129
2133
2135
2141
2145
2149
2152
2154
2156
2160
2162
2165
2168
2175
2181
2184
2186
2189
2192
2194
2198
2202
2207
2211
2213
2217
2220
2226
2228
2235
2237
2241
2243
2246
2248
2250
2253
2256
2259
2261
2263
2270
2275
2277
2279
2282
2287
2291
2293
2296
2304
2308
2309
2317
2321
2326
2328
2333
2336
2338
2340
2343
2344
2349
2350
2353
2355
2360
2363
2367
2376
2381
2383
2387
2388
2390
2392
2396
2400
2403
2406
2408
2413
2415
2417
2420
2421
2430
2432
2435
2436
2439
2442
2446
2448
2451
2457
2461
2462
2465
2468
2474
2475
2480
2482
2485
2489
2491
2495
2497
2499
2501
2510
2515
2518
2521
2524
2526
2529
2533
2535
2538
2543
2548
2551
2552
2556
2561
2566
2568
2573
2575
2578
2581
2584
2590
2592
2595
2598
2602
2604
2613
2615
2617
2620
2624
2628
2630
2634
2639
2641
2643
2647
2650
2655
2658
2660
2668
2669
2673
2674
2676
2678
2687
2689
2706
2708
2712
2716
2719
2721
2723
2725
2728
2732
2737
2738
2742
2744
2746
2749
2755
2758
2762
2765
2769
2771
2774
2777
2784
2788
2792
2796
2799
2801
2803
2806
2808
2810
2813
2814
2817
2818
2821
2824
2826
2828
2830
2833
2836
2839
2843
2847
2849
2853
2856
2859
2861
2866
2868
2872
2873
2882
2883
2885
2887
2889
2893
2895
2899
2902
2907
2910
2911
2913
2915
2918
2919
2923
2925
2928
2931
2935
2938
2939
2942
2946
2950
2954
2960
2962
2968
2969
2971
2974
2976
2978
2984
2986
2989
2992
2995
3001
3003
3006
3007
3010
3013
3017
3018
3021
3022
3027
3029
3035
3037
3039
3043
3045
3053
3057
3060
3061
3063
3066
3068
3078
3080
3082
3091
3093
3100
3103
3111
3114
3116
3119
3125
3128
3130
3136
3138
3142
3144
3146
3148
3150
3157
3159
3161
3164
3167
3171
3173
3176
3177
3182
3185
3191
3193
3195
3198
3199
3206
3210
3214
3215
3218
3221
3223
3225
3232
3235
3237
3240
3244
3246
3248
3251
3252
3255
3258
3262
3265
3271
3274
3276
3278
3283
3284
3292
3296
3300
3303
3304
3311
3312
3315
3318
3321
3324
3325
3327
3330
3339
3343
3344
3349
3353
3354
3359
3361
3365
3369
3373
3374
3382
3383
3386
3388
3391
3397
3406
3409
3419
3420
3423
3426
3430
3434
3439
3443
3444
3449
3454
3456
3460
3463
3467
3473
3474
3476
3478
3482
3485
3489
3494
3497
3504
3509
3513
3518
3520
3523
3530
3533
3536
3539
3541
3544
3545
3550
3553
3558
3560
3564
3566
3569
3572
3577
3581
3586
3588
3590
3593
3594
3601
3602
3607
3609
3612
3615
3618
3622
3625
3629
3630
3632
3634
3640
3641
3644
3647
3648
3651
3652
3655
3666
3671
3672
3676
3678
3682
3684
3687
3689
3691
3695
3697
3704
3706
3712
3714
3719
3721
3724
3728
3729
3736
3737
3740
3742
3745
3746
3752
3754
3758
3761
3767
3769
3772
3774
3777
3779
3782
3783
3787
3789
3793
3795
3797
3801
3802
3804
3807
3808
3811
3813
3818
3820
3822
3825
3827
3830
3832
3836
3838
3840
3845
3847
3849
3851
3853
3857
3859
3862
3864
3868
3870
3872
3874
3879
3881
3883
3886
3888
3890
3892
3895
3899
3903
3907
3920
3921
3923
3926
3928
3933
3934
3939
3940
3946
3949
3951
3954
3956
3959
3962
3966
3969
3976
3977
3983
3987
3990
3993
3996
3999
4004
4006
4010
4013
4015
4017
4022
4025
4027
4029
4036
4038
4041
4042
4046
4048
4051
4052
4055
4057
4059
4061
4067
4076
4079
4081
4083
4085
4090
4092
4095
4097
4100
4103
4106
4113
4115
4118
4121
4123
4127
4131
4132
4138
4140
4146
4147
4150
4159
4163
4168
4171
4172
4177
4178
4182
4185
4188
4191
4197
4200
4202
4207
4208
4215
4217
4221
4222
4228
4232
4234
4237
4238
4245
4248
4250
4253
4255
4259
4262
4264
4268
4271
4274
4277
4279
4281
4285
4288
4291
4293
4297
4304
4310
4312
4315
4319
4321
4326
4328
4331
4332
4336
4339
4343
4348
4354
4356
4367
4370
4371
4374
4379
4383
4384
4388
4389
4391
4393
4399
4402
4409
4410
4413
4415
4417
4419
4423
4424
4437
4442
4444
4446
4450
4452
4456
4459
4465
4467
4480
4487
4489
4491
4495
4499
4505
4508
4511
4516
4518
4524
4525
4528
4530
4534
4536
4539
4541
4544
4548
4555
4557
4559
4562
4564
4568
4570
4575
4578
4579
4586
4588
4594
4596
4599
4600
4603
4613
4621
4623
4628
4631
4634
4636
4639
4641
4644
4647
4648
4651
4653
4657
4660
4666
4667
4670
4673
4677
4682
4687
4690
4693
4697
4701
4708
4713
4715
4718
4719
4724
4726
4728
4733
4734
4741
4743
4749
4750
4754
4757
4762
4765
4772
4777
4783
4786
4789
4792
4794
4797
4800
4804
4805
4808
4809
4814
4817
4820
4821
4824
4826
4838
4842
4843
4846
4848
4854
4856
4858
4861
4862
4868
4869
4872
4875
4880
4883
4887
4889
4892
4897
4905
4906
4909
4911
4915
4916
4918
4920
4923
4925
4928
4930
4932
4934
4936
4946
4947
4953
4954
4957
4959
4963
4967
4968
4972
4975
4977
4980
4981
4986
4987
4993
4997
5000
5001
5005
5007
5009
5012
5016
5018
5020
5022
5024
5029
5034
5038
5040
5044
5047
5049
5052
5055
5057
5059
5064
5065
5071
5074
5078
5082
5085
5087
5091
5093
5105
5108
5109
5111
5113
5119
5121
5125
5128
5132
5134
5143
5147
5151
5159
5162
5163
5168
5171
5173
5176
5177
5180
5184
5188
5191
5193
5195
5197
5201
5202
5204
5207
5210
5212
5215
5217
5219
5221
5224
5226
5228
5230
5232
5237
5239
5243
5246
5255
5256
5260
5261
5265
5266
5273
5275
5277
5280
5281
5283
5287
5290
5293
5294
5303
5307
5312
5315
5320
5324
5328
5329
5332
5335
5340
5343
5347
5350
5357
5358
5362
5363
5367
5369
5371
5378
5380
5384
5385
5388
5390
5394
5395
5398
5399
5401
5404
5405
5411
5412
5417
5419
5422
5423
5425
5429
5437
5440
5443
5445
5448
5449
5456
5458
5460
5463
5465
5469
5475
5478
5479
5481
5484
5487
5491
5492
5496
5497
5502
5506
5516
5519
5521
5523
5526
5527
5532
5533
5537
5539
5541
5543
5547
5550
5556
5557
5559
5561
5566
5568
5573
5575
5579
5581
5584
5587
5592
5594
5599
5601
5603
5611
5613
5616
5618
5622
5624
5627
5629
5632
5635
5640
5642
5645
5647
5655
5656
5664
5667
5668
5674
5676
5680
5682
5685
5688
5692
5699
5705
5709
5717
5721
5728
5730
5732
5734
5738
Closing down connection...
