7
8
11
13
17
18
23
24
27
28
32
34
36
41
43
45
49
51
54
59
63
64
66
69
75
78
81
82
85
86
92
93
99
104
106
109
113
116
120
122
125
126
131
133
139
142
148
150
155
156
159
161
165
166
170
177
182
185
187
190
191
197
199
202
205
207
212
217
218
221
225
229
231
234
235
240
241
248
249
251
254
265
266
269
271
274
276
278
280
283
287
291
294
295
299
302
309
310
315
317
323
326
335
338
341
345
346
357
360
365
367
369
372
374
378
382
387
390
394
396
400
402
406
407
409
411
414
415
421
426
430
433
441
443
448
451
455
459
461
463
467
469
472
475
478
480
485
486
491
492
501
505
513
514
517
519
521
523
531
532
534
537
538
541
544
548
550
558
561
565
568
571
572
575
577
580
583
590
599
601
603
606
609
611
613
616
620
628
630
633
635
641
650
654
655
658
659
661
663
666
668
673
675
677
679
682
689
696
704
710
712
715
718
720
725
726
728
730
734
736
739
743
746
748
754
756
758
762
763
767
769
772
773
778
780
786
790
793
795
799
802
811
813
817
818
824
828
831
834
840
842
845
847
850
852
854
857
861
864
866
869
873
874
877
879
884
886
890
892
895
899
901
904
907
910
911
916
917
920
925
929
934
937
940
942
945
948
952
957
960
967
972
975
977
981
983
987
988
990
994
995
997
999
1004
1006
1008
1010
1013
1015
1018
1026
1028
1031
1032
1035
1037
1042
1044
1047
1050
1053
1057
1060
1063
1064
1071
1073
1075
1080
1082
1085
1086
1089
1091
1093
1104
1105
1108
1109
1113
1116
1119
1122
1125
1130
1132
1134
1136
1138
1145
1151
1155
1161
1163
1165
1167
1170
1172
1178
1179
1190
1191
1194
1196
1199
1204
1208
1213
1218
1219
1223
1225
1227
1229
1231
1233
1235
1237
1246
1252
1257
1258
1261
1265
1269
1270
1272
1275
1280
1282
1286
1290
1292
1296
1298
1300
1302
1304
1314
1317
1319
1321
1325
1327
1332
1336
1342
1344
1348
1352
1354
1356
1361
1364
1365
1375
1377
1379
1383
1384
1386
1389
1392
1394
1397
1398
1402
1406
1409
1411
1414
1416
1423
1424
1429
1431
1434
1439
1442
1448
1450
1454
1457
1462
1463
1470
1471
1473
1478
1479
1484
1488
1495
1497
1501
1504
1509
1511
1514
1518
1520
1522
1524
1527
1529
1533
1535
1539
1540
1544
1546
1551
1555
1560
1565
1566
1570
1573
1576
1585
1586
1588
1590
1595
1599
1602
1604
1607
1611
1614
1616
1619
1621
1625
1628
1629
1632
1636
1639
1642
1646
1649
1652
1654
1660
1664
1667
1669
1673
1675
1678
1683
1684
1688
1692
1699
1701
1706
1708
1712
1714
1716
1719
1721
1723
1726
1729
1733
1734
1738
1739
1742
1743
1746
1751
1756
1757
1761
1764
1765
1772
1773
1778
1782
1783
1785
1788
1791
1793
1796
1800
1802
1804
1806
1809
1811
1819
1822
1826
1831
1832
1835
1839
1842
1845
1847
1850
1854
1856
1859
1861
1864
1865
1870
1873
1881
1882
1886
1887
1889
1892
1894
1896
1899
1901
1903
1907
1909
1912
1914
1918
1921
1926
1928
1930
1932
1941
1943
1950
1953
1956
1958
1960
1962
1964
1969
1972
1978
1980
1983
1986
1987
1991
1992
1995
1996
2001
2003
2006
2009
2010
2014
2016
2020
2021
2024
2027
2029
2031
2038
2039
2041
2045
2050
2057
2058
2064
2066
2070
2072
2079
2081
2084
2087
2091
2093
2097
2103
2107
2111
2116
2119
2123
2124
2127
2128
2132
2134
2141
2143
2145
2148
2153
2157
2160
2164
2166
2170
2174
2177
2178
2185
2186
2188
2190
2192
2194
2199
2200
2202
2204
2207
2208
2211
2214
2220
2221
2223
2227
2233
2235
2237
2239
2242
2243
2246
2249
2254
2256
2262
2263
2269
2274
2279
2281
2284
2286
2290
2292
2295
2305
2307
2309
2314
2322
2325
2328
2331
2333
2335
2339
2342
2346
2347
2350
2351
2361
2363
2368
2373
2376
2378
2382
2383
2385
2387
2389
2394
2396
2403
2405
2409
2410
2414
2415
2417
2420
2422
2427
2428
2430
2433
2437
2446
2448
2451
2453
2457
2462
2464
2467
2469
2473
2474
2477
2479
2483
2484
2489
2492
2495
2499
2500
2502
2505
2510
2514
2518
2519
2524
2526
2530
2532
2534
2536
2539
2541
2543
2546
2549
2551
2554
2558
2562
2565
2573
2576
2577
2582
2583
2591
2593
2597
2599
2604
2606
2611
2614
2617
2619
2629
2633
2637
2638
2645
2647
2654
2656
2659
2660
2663
2672
2675
2680
2684
2686
2689
2691
2693
2695
2699
2701
2703
2706
2708
2710
2712
2715
2717
2719
2721
2723
2727
2728
2735
2737
2740
2743
2747
2749
2751
2754
2758
2761
2768
2770
2773
2775
2779
2780
2782
2784
2794
2798
2800
2802
2804
2806
2808
2810
2813
2816
2817
2819
2822
2828
2832
2838
2844
2850
2851
2855
2859
2862
2866
2868
2872
2877
2880
2882
2884
2888
2893
2898
2899
2901
2903
2906
2907
2909
2911
2913
2917
2921
2924
2927
2931
2934
2936
2941
2942
2946
2948
2955
2957
2959
2961
2966
2967
2973
2975
2977
2980
2983
2987
2988
2993
2995
2998
3001
3003
3005
3008
3010
3013
3018
3021
3024
3025
3028
3030
3032
3034
3037
3039
3042
3044
3048
3050
3053
3055
3060
3066
3069
3073
3079
3081
3084
3087
3090
3094
3104
3107
3108
3113
3116
3120
3126
3128
3130
3135
3138
3141
3143
3150
3152
3155
3157
3160
3162
3164
3166
3168
3173
3174
3177
3180
3185
3186
3190
3203
3205
3210
3212
3215
3218
3219
3223
3227
3230
3237
3240
3241
3246
3250
3255
3257
3260
3261
3264
3266
3269
3273
3281
3285
3291
3294
3296
3300
3302
3307
3308
3311
3315
3317
3320
3321
3324
3325
3329
3334
3337
3340
3342
3350
3353
3356
3359
3363
3364
3366
3368
3375
3377
3384
3387
3394
3395
3401
3404
3408
3411
3412
3415
3417
3422
3423
3426
3432
3439
3441
3448
3451
3457
3462
3465
3468
3470
3472
3475
3477
3480
3482
3487
3491
3495
3496
3499
3510
3514
3516
3520
3523
3524
3527
3533
3536
3539
3541
3546
3548
3551
3553
3556
3557
3560
3562
3565
3566
3568
3570
3575
3576
3578
3580
3585
3586
3589
3591
3596
3598
3600
3604
3605
3609
3611
3614
3618
3623
3629
3634
3637
3641
3645
3649
3651
3656
3661
3664
3666
3671
3676
3678
3680
3682
3684
3687
3690
3692
3694
3697
3701
3705
3706
3711
3713
3725
3727
3731
3735
3740
3742
3751
3752
3754
3756
3762
3763
3766
3768
3784
3787
3788
3791
3793
3795
3799
3802
3804
3808
3810
3813
3814
3819
3821
3823
3830
3831
3834
3836
3838
3841
3845
3848
3851
3856
3859
3863
3867
3868
3872
3876
3881
3887
3891
3892
3895
3897
3903
3912
3915
3919
3922
3925
3928
3930
3932
3937
3938
3942
3944
3948
3949
3954
3955
3958
3959
3963
3965
3970
3973
3978
3980
3986
3987
3990
3991
3994
3997
4001
4003
4006
4008
4014
4015
4019
4021
4025
4028
4031
4032
4035
4040
4044
4046
4051
4056
4059
4062
4064
4067
4070
4079
4083
4091
4092
4095
4098
4100
4107
4109
4112
4113
4117
4119
4121
4125
4126
4129
4131
4135
4137
4141
4142
4148
4151
4154
4157
4161
4163
4165
4167
4172
4175
4178
4180
4183
4184
4190
4192
4198
4202
4205
4207
4209
4211
4213
4218
4222
4227
4228
4235
4236
4239
4241
4244
4247
4251
4254
4255
4258
4261
4265
4272
4275
4276
4283
4284
4286
4290
4299
4302
4303
4307
4310
4312
4315
4317
4320
4321
4327
4332
4337
4338
4341
4342
4347
4348
4354
4355
4358
4362
4364
4370
4374
4378
4379
4383
4384
4386
4388
4390
4393
4396
4398
4400
4404
4405
4411
4413
4418
4419
4422
4423
4428
4432
4435
4438
4443
4446
4454
4457
4458
4462
4464
4469
4470
4472
4474
4481
4486
4489
4491
4497
4499
4506
4511
4514
4516
4520
4521
4525
4530
4533
4535
4537
4540
4542
4544
4548
4552
4558
4561
4563
4569
4574
4577
4578
4580
4582
4586
4591
4596
4598
4602
4605
4608
4613
4618
4623
4628
4630
4633
4637
4639
4642
4646
4648
4650
4652
4657
4660
4663
4665
4672
4673
4676
4678
4686
4688
4692
4697
4701
4703
4706
4708
4711
4714
4721
4726
4730
4731
4734
4737
4742
4748
4750
4753
4758
4762
4765
4768
4782
4785
4787
4795
4796
4799
4807
4810
4812
4815
4818
4823
4828
4832
4836
4839
4842
4846
4850
4851
4856
4859
4865
4874
4878
4886
4891
4892
4897
4899
4904
4909
4912
4915
4920
4921
4923
4925
4929
4930
4932
4934
4937
4940
4942
4950
4951
4959
4961
4966
4967
4970
4971
4974
4978
4980
4982
4985
4991
4994
4995
4997
4999
5003
5007
5009
5012
5013
5021
5024
5026
5028
5031
5034
5036
5038
5040
5042
5045
5059
5062
5065
5068
5069
5073
5077
5080
5082
5087
5088
5092
5093
5096
5099
5102
5104
5107
5109
5111
5113
5120
5122
5125
5126
5130
5134
5138
5141
5146
5147
5149
5152
5154
5159
5160
5163
5164
5168
5170
5173
5174
5176
5178
5183
5187
5189
5192
5195
5197
5199
5205
5207
5210
5213
5219
5220
5225
5227
5231
5232
5235
5239
5245
5247
5251
5252
5255
5259
5261
5263
5267
5270
5273
5275
5281
5283
5288
5290
5293
5297
5299
5311
5314
5316
5318
5322
5327
5333
5334
5337
5338
5343
5344
5348
5353
5360
5361
5365
5368
5373
5379
5384
5388
5390
5394
5398
5401
5405
5406
5408
5411
5414
5416
5420
5421
5425
5427
5433
5435
5440
5442
5444
5446
5450
5455
5458
5464
5469
5472
5474
5477
5478
5481
5483
5488
5493
5496
5497
5500
5501
5504
5508
5513
5517
5524
5526
5528
5530
5534
5538
5543
5546
5548
5551
5552
5555
5557
5565
5567
5572
5576
5578
5580
5584
5585
5587
5590
5593
5596
5598
5601
5605
5606
5609
5611
5613
5615
5617
5620
5623
5627
5630
5633
5636
5642
5643
5645
5647
5649
5663
5664
5666
5669
5671
5675
5678
5680
5682
5688
5693
5695
5697
5699
5703
5704
5708
5712
5715
5721
5723
5725
5727
5732
5734
5739
5741
5744
5745
5747
5749
5752
5753
Closing down connection...
