6
2
5
17
9
12
20
11
13
16
12
16
18
15
16
19
17
18
22
19
23
27
22
23
29
23
25
31
24
25
31
26
27
31
29
31
35
32
33
35
34
38
41
37
38
47
41
42
45
42
43
45
43
45
50
45
47
53
47
48
52
48
50
54
50
54
71
57
58
66
57
61
68
59
61
66
60
61
64
60
61
64
62
63
67
65
66
69
68
73
76
72
73
77
75
76
82
78
80
85
81
88
91
86
87
90
87
88
92
89
90
93
92
95
99
96
99
106
99
100
102
99
103
105
102
105
110
104
105
110
106
111
116
111
114
120
113
114
124
118
120
128
121
122
127
121
122
126
123
125
132
126
129
131
127
129
136
133
134
138
134
136
145
137
139
144
140
142
146
141
147
152
144
146
152
145
146
148
146
148
153
149
152
155
153
154
157
155
157
160
159
162
170
164
167
169
166
167
169
169
171
175
173
174
184
179
182
186
182
183
192
185
186
188
186
188
192
190
193
195
191
194
197
197
201
206
202
204
209
206
207
213
208
209
216
211
215
218
214
218
221
220
221
225
224
228
230
228
229
233
230
231
233
232
233
235
236
237
241
238
240
245
243
246
252
250
251
254
252
253
262
257
261
267
260
262
266
260
265
260
263
264
267
263
264
270
266
269
276
271
275
272
273
277
275
276
278
288
280
286
281
284
291
297
286
287
290
285
291
285
286
289
288
289
299
294
296
303
297
298
301
304
299
305
300
301
309
304
305
308
306
307
311
309
311
315
330
319
321
316
318
327
321
324
326
331
323
327
333
326
328
336
328
330
334
329
330
339
335
336
343
336
339
348
341
343
346
343
348
352
346
350
357
350
351
354
351
355
358
354
356
359
355
359
362
357
361
357
359
361
369
362
369
379
369
372
374
367
371
368
369
375
384
376
378
382
377
379
382
377
382
378
379
382
380
389
394
400
387
388
393
387
392
388
392
403
406
393
403
393
401
409
397
398
402
399
403
408
412
406
407
411
408
410
413
412
413
416
414
416
426
423
426
429
424
433
436
429
443
448
435
442
445
437
438
442
438
439
441
437
440
451
443
444
452
448
449
455
450
452
449
452
456
452
453
455
454
459
468
473
463
465
468
464
465
467
465
466
469
469
474
471
473
475
482
479
481
488
482
485
489
488
492
489
491
497
500
493
495
502
497
500
503
499
500
502
500
504
501
504
509
503
504
507
506
508
512
510
511
516
531
518
520
522
516
518
523
518
520
517
518
520
520
521
525
529
524
528
534
534
535
540
537
541
538
541
544
541
542
547
545
546
548
548
549
552
552
555
557
555
558
568
574
564
565
567
563
567
563
564
566
566
567
578
582
575
578
573
576
580
578
579
581
583
584
586
586
590
593
598
591
593
610
598
600
605
599
601
597
600
603
601
603
610
612
606
609
605
609
611
608
611
613
613
617
620
617
625
629
621
626
629
631
623
624
627
624
632
638
628
630
635
631
639
641
635
636
641
637
639
643
639
642
651
645
648
654
648
649
651
647
649
651
649
650
655
656
657
661
661
667
677
668
669
671
666
669
679
673
676
672
675
680
689
679
680
685
678
680
682
677
684
680
682
688
684
685
687
687
689
694
700
694
697
696
701
705
699
702
705
712
705
707
713
710
712
716
714
717
719
715
716
719
717
721
720
723
726
728
723
725
734
731
745
734
736
739
746
736
737
740
737
738
744
740
748
742
744
746
744
748
752
748
749
752
749
750
756
752
753
755
758
755
759
756
757
766
759
763
769
771
764
767
769
763
764
770
766
773
780
772
777
780
777
786
783
785
793
796
793
794
808
797
798
806
799
801
808
802
804
801
804
806
811
804
806
811
805
808
812
807
808
818
810
818
814
816
818
823
816
825
817
820
822
819
822
825
821
822
824
823
824
829
826
827
833
835
829
834
831
839
845
836
838
841
838
839
842
840
847
854
846
847
851
854
851
855
852
853
860
862
856
857
861
858
859
863
859
861
866
862
864
861
862
864
862
863
867
877
869
871
867
871
878
871
875
882
884
879
880
882
878
881
890
881
885
883
884
887
885
887
891
896
889
892
896
890
895
890
891
896
891
892
894
892
894
899
905
896
897
900
896
897
901
898
902
902
903
906
905
908
910
921
913
914
917
913
915
918
917
920
923
919
928
940
929
930
936
930
936
938
930
931
934
931
935
936
938
948
942
944
947
949
944
947
949
945
947
949
945
946
954
950
952
960
952
953
955
952
955
962
958
965
971
963
964
968
963
967
972
966
969
976
971
972
974
973
974
976
974
977
979
978
979
982
979
980
984
980
981
984
981
982
989
985
989
989
991
996
996
997
1000
1000
1003
1005
1003
1004
1007
1012
1006
1011
1015
1008
1009
1012
1009
1010
1022
1016
1017
1022
1017
1019
1021
1017
1018
1021
1018
1019
1025
1023
1024
1026
1023
1027
1026
1029
1032
1036
1030
1031
1043
1041
1042
1046
1042
1043
1050
1046
1047
1058
1054
1055
1061
1059
1064
1069
1066
1070
1067
1068
1070
1069
1071
1074
1072
1074
1079
1084
1080
1081
1089
1084
1085
1087
1086
1087
1090
1089
1090
1099
1093
1095
1092
1097
1100
1105
1097
1104
1100
1101
1109
1111
1103
1107
1105
1106
1109
1109
1111
1118
1115
1120
1124
1118
1120
1123
1119
1120
1122
1127
1123
1127
1123
1125
1132
1135
1131
1132
1137
1133
1134
1140
1138
1141
1157
1145
1146
1151
1143
1144
1153
1147
1150
1148
1150
1155
1152
1153
1158
1154
1159
1164
1158
1159
1162
1166
1160
1161
1163
1161
1163
1169
1164
1167
1164
1166
1170
1174
1167
1171
1168
1169
1173
1170
1171
1173
1172
1175
1181
1185
1180
1182
1185
1184
1187
1184
1194
1196
1188
1189
1196
1198
1190
1191
1200
1197
1198
1201
1198
1202
1208
1202
1204
1208
1204
1205
1211
1207
1209
1213
1210
1211
1217
1212
1214
1216
1213
1215
1213
1214
1219
1223
1220
1221
1223
1220
1223
1232
1226
1228
1225
1227
1230
1227
1229
1236
1231
1234
1242
1244
1238
1241
1237
1241
1243
1245
1239
1242
1240
1243
1247
1251
1245
1247
1256
1248
1254
1256
1248
1255
1263
1253
1255
1257
1252
1253
1257
1252
1255
1253
1254
1258
1260
1255
1259
1257
1261
1264
1263
1264
1266
1277
1270
1271
1276
1271
1276
1271
1275
1283
1287
1279
1280
1284
1280
1281
1283
1281
1282
1284
1282
1298
1302
1292
1293
1296
1292
1294
1301
1295
1300
1304
1298
1307
1310
1302
1306
1301
1302
1304
1301
1317
1319
1307
1311
1317
1320
1313
1314
1317
1313
1314
1319
1314
1316
1320
1316
1326
1329
1322
1324
1320
1323
1325
1323
1324
1326
1325
1327
1331
1328
1330
1342
1332
1334
1336
1335
1338
1347
1340
1341
1348
1341
1344
1346
1349
1345
1346
1351
1351
1355
1353
1354
1356
1354
1355
1357
1356
1360
1365
1368
1362
1368
1372
1368
1375
1380
1374
1376
1372
1375
1388
1379
1387
1391
1382
1386
1393
1401
1389
1393
1396
1389
1390
1401
1394
1396
1400
1394
1396
1401
1395
1401
1410
1401
1404
1399
1402
1407
1403
1405
1407
1403
1406
1409
1412
1409
1410
1413
1411
1415
1412
1415
1427
1417
1418
1422
1418
1419
1421
1419
1422
1425
1421
1423
1428
1425
1426
1433
1435
1429
1430
1436
1431
1437
1432
1433
1445
1449
1438
1439
1448
1440
1443
1445
1439
1445
1447
1442
1444
1441
1442
1446
1447
1449
1451
1450
1451
1457
1453
1455
1459
1466
1458
1459
1463
1458
1460
1462
1460
1461
1463
1463
1464
1468
1465
1475
1478
1470
1472
1474
1470
1472
1470
1471
1479
1490
1481
1483
1488
1482
1483
1485
1481
1482
1485
1484
1485
1490
1488
1489
1500
1492
1493
1503
1495
1497
1493
1496
1498
1495
1496
1498
1501
1498
1500
1504
1502
1504
1506
1507
1509
1512
1510
1511
1519
1514
1521
1516
1517
1519
1536
1525
1527
1535
1527
1528
1532
1527
1528
1534
1528
1529
1531
1530
1531
1533
1533
1534
1537
1536
1544
1551
1541
1542
1550
1542
1556
1546
1548
1550
1545
1548
1556
1548
1550
1552
1559
1551
1556
1558
1552
1554
1557
1557
1560
1558
1559
1561
1565
1561
1564
1572
1564
1565
1569
1565
1570
1567
1568
1575
1578
1572
1573
1578
1574
1577
1576
1579
1585
1590
1581
1586
1590
1582
1583
1588
1582
1589
1583
1585
1589
1592
1586
1587
1590
1588
1593
1591
1593
1599
1595
1597
1599
1598
1599
1603
1601
1602
1606
1608
1605
1612
1621
1611
1612
1614
1608
1615
1617
1613
1615
1622
1616
1617
1624
1618
1620
1622
1619
1621
1624
1624
1636
1638
1632
1633
1636
1631
1633
1635
1632
1636
1642
1639
1648
1642
1644
1646
1643
1647
1650
1656
1649
1654
1656
1649
1651
1653
1650
1651
1655
1651
1652
1656
1653
1655
1659
1656
1657
1668
1662
1663
1667
1662
1663
1665
1664
1672
1675
1671
1672
1676
1673
1675
1679
1674
1675
1680
1677
1678
1680
1677
1680
1679
1682
1686
1682
1686
1691
1687
1689
1694
1697
1690
1695
1690
1691
1697
1693
1695
1701
1696
1700
1702
1699
1701
1704
1700
1701
1703
1701
1704
1708
1710
1708
1711
1718
1711
1712
1715
1712
1718
1721
1715
1716
1719
1716
1721
1726
1721
1724
1721
1724
1728
1723
1726
1729
1724
1728
1731
1731
1735
1740
1737
1740
1753
1763
1746
1749
1742
1743
1749
1754
1747
1748
1751
1747
1751
1749
1750
1752
1751
1758
1760
1754
1755
1766
1769
1760
1765
1767
1762
1765
1770
1765
1766
1773
1769
1770
1778
1773
1774
1777
1776
1777
1780
1777
1778
1780
1778
1779
1785
1782
1783
1786
1783
1790
1794
1789
1793
1798
1792
1793
1795
1793
1802
1798
1800
1804
1809
1804
1805
1807
1806
1807
1809
1808
1811
1813
1809
1815
1822
1815
1821
1824
1817
1819
1821
1816
1817
1819
1816
1821
1824
1821
1824
1828
1825
1828
1825
1827
1831
1827
1828
1830
1835
1831
1832
1844
1834
1835
1841
1837
1840
1839
1841
1847
1844
1845
1847
1845
1847
1851
1848
1850
1854
1850
1853
1856
1853
1855
1861
1858
1859
1861
1868
1863
1866
1863
1865
1868
1878
1869
1873
1870
1871
1880
1885
1877
1880
1883
1878
1879
1881
1878
1881
1883
1881
1889
1885
1891
1895
1899
1892
1900
1893
1897
1900
1896
1900
1906
1909
1902
1904
1906
1903
1909
1906
1907
1910
1907
1908
1910
1908
1910
1918
1911
1912
1915
1913
1919
1922
1917
1923
1929
1932
1921
1923
1925
1923
1924
1935
1929
1931
1939
1934
1936
1940
1935
1936
1939
1936
1937
1942
1940
1942
1951
1945
1947
1944
1946
1951
1948
1949
1960
1952
1960
1963
1965
1958
1962
1964
1963
1964
1966
1963
1974
1982
1974
1977
1979
1973
1977
1973
1975
1978
1975
1978
1985
1997
1985
1989
2000
1987
1990
1984
1990
1994
2004
1993
1994
1999
1993
1997
1999
1995
1996
1999
2000
2001
2003
2001
2003
2005
2003
2006
2013
2008
2014
2009
2010
2018
2012
2017
2024
2026
2016
2017
2023
2018
2021
2017
2019
2021
2020
2023
2026
2025
2026
2028
2026
2029
2032
2029
2030
2032
2035
2032
2037
2034
2041
2050
2056
2041
2042
2045
2038
2039
2042
2038
2040
2045
2043
2044
2046
2045
2047
2052
2052
2055
2053
2054
2068
2059
2062
2070
2072
2064
2066
2075
2067
2068
2075
2069
2070
2074
2070
2073
2070
2073
2076
2082
2079
2090
2082
2083
2086
2082
2083
2086
2088
2086
2087
2089
2088
2089
2098
2092
2094
2106
2098
2103
2097
2105
2111
2113
2103
2104
2106
2103
2105
2102
2106
2113
2117
2107
2109
2112
2106
2107
2112
2109
2111
2116
2112
2114
2117
2115
2120
2122
2120
2121
2123
2121
2128
2123
2125
2128
2128
2129
2135
2133
2134
2142
2137
2139
2141
2137
2150
2153
2157
2144
2145
2151
2143
2145
2148
2146
2147
2155
2149
2153
2152
2156
2160
2156
2160
2163
2158
2164
2170
2175
2165
2167
2170
2165
2166
2171
2168
2170
2179
2174
2175
2178
2175
2179
2184
2180
2183
2194
2185
2189
2195
2187
2188
2190
2188
2189
2191
2188
2189
2194
2191
2195
2201
2196
2197
2200
2199
2202
2200
2206
2209
2203
2204
2207
2212
2206
2212
2216
2209
2212
2217
2210
2211
2220
2213
2214
2216
2211
2214
2213
2215
2220
2224
2219
2223
2228
2222
2223
2228
2225
2230
2232
2229
2230
2232
2229
2233
2231
2232
2238
2234
2241
2244
2250
2243
2246
2250
2243
2244
2247
2243
2246
2255
2248
2250
2247
2251
2254
2250
2254
2256
2259
2255
2256
2258
2256
2257
2259
2258
2259
2264
2261
2270
2274
2267
2270
2282
2272
2275
2280
2272
2277
2271
2273
2276
2272
2276
2278
2275
2276
2281
2279
2281
2288
2291
2289
2292
2289
2290
2292
2299
2298
2305
2300
2305
2308
2302
2305
2307
2322
2311
2315
2320
2312
2315
2318
2312
2315
2322
2314
2315
2321
2315
2317
2313
2314
2318
2329
2319
2328
2336
2325
2328
2330
2323
2328
2325
2328
2336
2329
2332
2335
2341
2331
2332
2336
2330
2331
2336
2331
2334
2342
2340
2341
2344
2342
2343
2346
2343
2345
2348
2346
2353
2349
2351
2353
2357
2353
2356
2354
2357
2362
2364
2365
2366
2371
2368
2371
2379
2373
2374
2379
2376
2378
2381
2377
2378
2380
2379
2382
2379
2380
2382
2380
2384
2389
2391
2385
2387
2390
2385
2386
2394
2388
2389
2392
2389
2390
2394
2392
2395
2405
2397
2399
2395
2400
2408
2398
2400
2409
2412
2403
2409
2403
2411
2417
2408
2409
2413
2408
2410
2412
2409
2410
2414
2411
2415
2420
2426
2416
2419
2416
2419
2433
2437
2425
2435
2439
2429
2430
2433
2427
2428
2430
2427
2429
2432
2429
2430
2438
2433
2437
2447
2439
2441
2452
2443
2445
2453
2447
2448
2452
2447
2449
2453
2448
2451
2454
2451
2457
2464
2457
2459
2461
2456
2457
2463
2458
2459
2464
2460
2461
2474
2465
2467
2470
2464
2465
2470
2467
2468
2473
2471
2473
2475
2472
2473
2479
2474
2475
2478
2475
2476
2494
2481
2486
2491
2491
2483
2483
2490
2492
2485
2486
2493
2497
2491
2495
2491
2492
2495
2503
2496
2499
2501
2496
2502
2499
2506
2509
2504
2507
2512
2520
2510
2511
2519
2515
2520
2515
2516
2520
2529
2520
2522
2525
2520
2521
2525
2521
2523
2531
2526
2532
2536
2528
2530
2534
2530
2533
2532
2535
2540
2536
2543
2550
2542
2544
2550
2544
2545
2550
2552
2546
2549
2551
2548
2553
2550
2551
2554
2554
2555
2558
2569
2562
2573
2563
2565
2569
2563
2564
2569
2564
2566
2571
2577
2570
2573
2577
2570
2581
2574
2577
2587
2592
2581
2585
2579
2584
2590
2595
2586
2599
2587
2589
2595
2586
2590
2598
2589
2590
2596
2591
2593
2597
2607
2596
2598
2593
2596
2597
2607
2600
2603
2609
2600
2601
2603
2601
2602
2610
2609
2610
2613
2610
2612
2617
2612
2613
2626
2618
2620
2616
2618
2624
2636
2626
2626
2622
2623
2632
2636
2629
2630
2632
2628
2631
2629
2630
2636
2634
2635
2638
2641
2640
2644
2641
2642
2652
2654
2649
2650
2655
2653
2658
2654
2655
2659
2661
2656
2657
2660
2659
2663
2662
2663
2664
2675
2667
2675
2668
2672
2674
2671
2676
2676
2680
2675
2692
2680
2681
2684
2678
2680
2683
2680
2683
2688
2695
2687
2690
2685
2686
2690
2694
2688
2689
2691
2690
2695
2695
2691
2693
2703
2695
2702
2698
2700
2703
2699
2702
2708
2702
2703
2706
2709
2705
2706
2714
2710
2711
2716
2712
2716
2720
2715
2716
2718
2716
2719
2716
2720
2722
2720
2722
2724
2736
2728
2729
2733
2728
2732
2734
2729
2731
2744
2735
2736
2741
2737
2744
2746
2741
2742
2753
2746
2747
2752
2749
2750
2753
2753
2754
2757
2756
2757
2762
2760
2762
2768
2763
2765
2762
2764
2769
2765
2767
2769
2766
2767
2769
2773
2769
2774
2774
2770
2771
2775
2775
2778
2779
2778
2780
2783
2781
2786
2782
2795
2800
2804
2792
2793
2795
2791
2792
2801
2796
2797
2799
2798
2804
2800
2803
2806
2802
2805
2809
2815
2810
2814
2823
2813
2814
2816
2811
2813
2816
2814
2815
2830
2824
2826
2831
2826
2831
2841
2833
2834
2839
2836
2840
2847
2838
2839
2846
2839
2840
2844
2840
2841
2850
2846
2848
2846
2848
2854
2849
2850
2852
2856
2851
2852
2859
2855
2868
2858
2861
2867
2874
2862
2863
2871
2861
2863
2865
2863
2865
2863
2872
2875
2870
2871
2874
2877
2872
2878
2875
2877
2880
2878
2879
2885
2890
2884
2886
2889
2886
2888
2895
2888
2889
2892
2889
2891
2895
2891
2894
2893
2894
2899
2896
2897
2903
2905
2901
2903
2902
2903
2905
2917
2910
2911
2919
2914
2919
2914
2916
2918
2917
2922
2924
2927
2925
2927
2933
2930
2934
2930
2931
2939
2941
2938
2940
2943
2940
2941
2944
2944
2945
2944
2945
2947
2945
2947
2950
2954
2950
2951
2949
2950
2953
2955
2956
2958
2961
2959
2960
2962
2961
2963
2974
2968
2971
2967
2968
2971
2968
2970
2973
2976
2971
2972
2980
2974
2975
2977
2975
2978
2985
2980
2981
2983
2981
2986
2994
2987
2988
2992
2989
2992
2989
2990
2994
2998
2992
2997
2999
2997
2997
2996
3001
3004
3007
3005
3008
3008
3005
3006
3016
3009
3011
3014
3012
3018
3015
3018
3022
3019
3020
3030
3024
3025
3031
3041
3033
3034
3040
3034
3035
3039
3035
3038
3034
3035
3039
3048
3039
3044
3047
3050
3042
3041
3043
3047
3050
3043
3044
3054
3048
3054
3048
3049
3055
3059
3054
3060
3054
3061
3066
3059
3068
3071
3062
3064
3066
3062
3063
3066
3064
3066
3070
3072
3072
3073
3076
3075
3080
3082
3080
3081
3084
3081
3082
3087
3082
3084
3091
3085
3089
3093
3088
3089
3091
3090
3091
3098
3094
3096
3098
3097
3099
3103
3101
3103
3107
3103
3104
3107
3105
3109
3111
3109
3115
3127
3117
3118
3122
3117
3118
3125
3119
3120
3121
3117
3119
3122
3124
3128
3132
3128
3129
3136
3132
3134
3136
3135
3139
3144
3141
3147
3150
3145
3149
3152
3151
3153
3156
3155
3160
3163
3158
3159
3162
3161
3163
3165
3163
3165
3167
3165
3166
3170
3167
3169
3172
3172
3173
3181
3177
3178
3183
3180
3186
3181
3184
3187
3183
3184
3193
3186
3190
3194
3187
3193
3195
3190
3191
3198
3192
3195
3198
3202
3195
3196
3206
3198
3203
3205
3198
3199
3201
3198
3208
3217
3206
3207
3210
3205
3206
3208
3204
3206
3210
3208
3218
3225
3218
3220
3222
3217
3219
3242
3225
3226
3228
3222
3224
3226
3223
3224
3226
3226
3233
3236
3231
3232
3237
3234
3243
3249
3239
3246
3246
3240
3243
3239
3241
3245
3246
3242
3253
3247
3253
3255
3249
3253
3257
3261
3255
3261
3266
3258
3268
3259
3262
3265
3259
3260
3264
3265
3265
3262
3264
3266
3263
3264
3260
3271
3271
3269
3273
3276
3271
3273
3286
3279
3280
3283
3278
3280
3283
3280
3284
3280
3281
3284
3282
3283
3287
3285
3289
3294
3296
3289
3292
3289
3290
3294
3291
3294
3299
3294
3296
3299
3295
3299
3307
3313
3305
3306
3311
3306
3308
3311
3307
3308
3312
3308
3310
3308
3309
3314
3311
3312
3315
3312
3313
3318
3314
3316
3319
3325
3318
3319
3324
3319
3320
3324
3319
3320
3341
3327
3328
3332
3327
3328
3335
3328
3329
3333
3332
3333
3336
3334
3343
3351
3340
3341
3346
3338
3339
3344
3340
3346
3349
3342
3346
3354
3349
3350
3347
3348
3354
3357
3352
3355
3361
3356
3358
3360
3356
3362
3358
3360
3366
3368
3364
3366
3363
3364
3366
3377
3368
3370
3374
3377
3372
3371
3373
3377
3373
3374
3377
3373
3374
3383
3378
3379
3383
3379
3381
3389
3384
3388
3395
3398
3387
3392
3397
3392
3394
3400
3395
3399
3405
3398
3400
3402
3397
3398
3408
3401
3402
3413
3404
3408
3411
3404
3410
3403
3411
3405
3408
3403
3406
3406
3407
3410
3415
3414
3418
3415
3417
3420
3430
3425
3427
3430
3425
3427
3429
3427
3434
3438
3431
3434
3439
3434
3436
3433
3434
3437
3441
3436
3437
3441
3438
3440
3443
3441
3446
3445
3446
3450
3453
3450
3451
3453
3452
3453
3456
3454
3460
3464
3458
3460
3465
3460
3468
3461
3467
3476
3480
3467
3469
3474
3467
3474
3485
3472
3473
3479
3477
3479
3482
3480
3487
3491
3485
3487
3489
3485
3486
3488
3485
3491
3508
3493
3495
3502
3495
3496
3498
3495
3498
3505
3499
3500
3503
3499
3500
3508
3503
3504
3507
3503
3506
3511
3506
3508
3505
3508
3510
3508
3509
3515
3521
3513
3516
3527
3520
3523
3526
3522
3524
3526
3523
3530
3532
3529
3530
3528
3529
3532
3535
3531
3534
3532
3534
3538
3535
3538
3541
3543
3540
3541
3546
3542
3545
3541
3543
3551
3555
3546
3547
3553
3547
3550
3546
3548
3553
3560
3561
3553
3552
3556
3560
3558
3559
3565
3578
3566
3567
3578
3567
3583
3585
3570
3571
3581
3573
3577
3572
3575
3577
3574
3582
3586
3578
3579
3586
3583
3586
3588
3591
3585
3586
3589
3587
3588
3590
3590
3593
3595
3593
3597
3612
3601
3603
3598
3604
3605
3608
3602
3610
3606
3608
3610
3609
3616
3620
3623
3616
3620
3615
3617
3620
3618
3625
3632
3625
3626
3628
3624
3626
3629
3625
3630
3638
3630
3638
3634
3630
3634
3643
3647
3636
3637
3640
3635
3639
3643
3638
3641
3654
3644
3646
3641
3647
3649
3644
3649
3651
3646
3649
3653
3661
3652
3654
3656
3652
3656
3661
3654
3656
3666
3656
3670
3658
3660
3664
3667
3662
3666
3662
3663
3666
3666
3667
3669
3674
3674
3676
3674
3681
3686
3679
3682
3684
3686
3681
3685
3688
3683
3686
3694
3690
3694
3690
3691
3703
3709
3703
3704
3712
3704
3712
3704
3705
3708
3705
3708
3714
3708
3709
3715
3721
3713
3715
3717
3712
3715
3714
3715
3717
3718
3719
3726
3722
3723
3727
3725
3726
3730
3735
3733
3734
3737
3737
3740
3743
3739
3740
3743
3740
3741
3745
3743
3744
3746
3744
3746
3755
3749
3751
3755
3751
3755
3764
3757
3758
3763
3756
3761
3760
3763
3766
3764
3765
3768
3766
3769
3772
3771
3773
3778
3774
3775
3777
3774
3775
3782
3778
3779
3788
3782
3785
3790
3795
3786
3793
3797
3788
3791
3795
3788
3790
3801
3793
3795
3802
3794
3795
3814
3801
3803
3797
3798
3806
3801
3806
3808
3803
3806
3808
3816
3807
3811
3815
3810
3811
3818
3813
3814
3832
3821
3822
3824
3819
3820
3823
3822
3823
3826
3827
3829
3832
3829
3830
3833
3831
3838
3835
3838
3843
3840
3841
3843
3841
3842
3847
3844
3845
3847
3850
3846
3848
3850
3847
3852
3858
3853
3854
3861
3857
3860
3857
3862
3865
3861
3862
3866
3870
3864
3865
3867
3864
3867
3873
3874
3873
3872
3874
3876
3884
3879
3880
3892
3886
3896
3887
3888
3892
3896
3891
3892
3896
3891
3892
3894
3891
3892
3897
3896
3898
3900
3899
3900
3904
3900
3906
3903
3904
3906
3904
3913
3924
3912
3915
3917
3911
3918
3924
3930
3920
3922
3929
3922
3925
3928
3925
3929
3932
3928
3931
3938
3933
3937
3943
3944
3938
3937
3941
3943
3945
3940
3941
3949
3946
3956
3962
3953
3959
3952
3953
3962
3966
3958
3961
3968
3959
3960
3962
3957
3960
3965
3963
3964
3968
3967
3968
3967
3967
3972
3969
3971
3974
3977
3975
3976
3975
3975
3980
3977
3978
3984
4006
3989
3991
3984
3985
3988
3986
3987
3991
3987
3989
3991
3992
4002
4004
3998
3999
4001
4005
3999
4000
4013
4005
4007
4003
4004
4007
4010
4006
4011
4008
4010
4013
4012
4014
4022
4025
4024
4022
4023
4026
4029
4034
4031
4028
4029
4032
4038
4046
4034
4037
4034
4036
4041
4045
4042
4042
4041
4043
4046
4043
4045
4049
4047
4049
4053
4051
4052
4055
4064
4057
4064
4057
4060
4068
4061
4063
4066
4068
4064
4067
4070
4066
4068
4071
4068
4070
4074
4071
4072
4075
4073
4075
4073
4083
4083
4087
4080
4084
4087
4082
4090
4099
4089
4090
4092
4088
4089
4092
4089
4091
4089
4091
4095
4093
4095
4098
4101
4098
4100
4105
4104
4105
4115
4117
4110
4109
4115
4117
4111
4112
4115
4112
4113
4116
4115
4117
4123
4120
4122
4131
4125
4126
4132
4136
4130
4140
4133
4134
4137
4141
4135
4137
4144
4138
4139
4154
4148
4151
4147
4151
4156
4149
4152
4154
4161
4155
4163
4156
4159
4162
4170
4163
4164
4169
4164
4165
4170
4164
4165
4171
4165
4166
4176
4168
4171
4168
4170
4172
4170
4174
4180
4185
4177
4181
4176
4179
4183
4178
4181
4190
4192
4186
4187
4189
4188
4196
4198
4193
4199
4202
4197
4208
4211
4201
4204
4207
4202
4204
4213
4207
4212
4210
4213
4217
4219
4213
4217
4221
4217
4218
4225
4219
4220
4228
4226
4227
4234
4229
4231
4238
4232
4233
4236
4232
4234
4236
4234
4239
4246
4239
4240
4244
4240
4242
4247
4244
4245
4256
4249
4251
4258
4253
4254
4256
4253
4254
4274
4263
4264
4266
4262
4266
4271
4264
4266
4272
4264
4267
4267
4268
4273
4269
4271
4277
4285
4275
4277
4280
4274
4279
4285
4278
4281
4278
4279
4286
4281
4283
4286
4289
4283
4284
4288
4283
4284
4291
4287
4292
4288
4289
4291
4301
4293
4294
4297
4294
4296
4300
4298
4305
4310
4304
4307
4310
4306
4310
4314
4309
4314
4318
4313
4314
4318
4316
4317
4326
4322
4324
4326
4325
4334
4337
4332
4336
4331
4332
4340
4343
4339
4345
4348
4341
4347
4354
4344
4353
4356
4350
4351
4364
4356
4357
4361
4357
4358
4361
4358
4359
4364
4361
4363
4368
4365
4378
4368
4370
4373
4368
4369
4374
4370
4374
4379
4382
4376
4378
4382
4376
4377
4380
4376
4377
4379
4378
4379
4388
4382
4384
4396
4388
4396
4388
4390
4399
4407
4396
4399
4402
4396
4400
4403
4397
4401
4407
4403
4405
4412
4406
4407
4411
4407
4408
4411
4410
4411
4414
4413
4414
4422
4417
4422
4426
4419
4420
4422
4419
4420
4425
4422
4424
4422
4424
4431
4435
4427
4431
4428
4430
4440
4443
4437
4439
4448
4440
4446
4452
4442
4450
4442
4447
4450
4453
4446
4453
4470
4453
4454
4457
4451
4453
4450
4451
4454
4452
4453
4455
4455
4460
4466
4470
4465
4467
4464
4465
4474
4468
4472
4478
4480
4473
4475
4472
4473
4476
4478
4474
4476
4481
4476
4478
4481
4477
4484
4479
4484
4490
4492
4483
4492
4486
4491
4499
4491
4492
4494
4490
4494
4496
4494
4500
4502
4498
4504
4510
4502
4504
4506
4501
4502
4507
4502
4504
4506
4510
4509
4510
4512
4512
4516
4518
4515
4522
4529
4521
4522
4526
4526
4527
4529
4530
4536
4538
4534
4536
4533
4538
4543
4547
4541
4546
4556
4546
4548
4552
4545
4547
4551
4546
4547
4550
4548
4550
4555
4551
4552
4555
4553
4562
4555
4556
4560
4565
4560
4562
4572
4562
4567
4563
4564
4569
4573
4566
4569
4567
4568
4571
4568
4571
4575
4578
4572
4576
4581
4575
4580
4583
4578
4579
4581
4577
4578
4585
4582
4586
4585
4587
4597
4599
4593
4600
4603
4594
4596
4605
4598
4599
4604
4597
4598
4601
4597
4598
4607
4603
4607
4603
4604
4608
4606
4609
4619
4610
4611
4613
4609
4614
4619
4625
4619
4621
4627
4621
4622
4624
4622
4623
4629
4625
4626
4632
4627
4628
4631
4628
4630
4628
4629
4632
4634
4630
4631
4637
4632
4633
4635
4633
4634
4637
4634
4635
4639
4635
4636
4639
4638
4639
4644
4646
4647
4650
4650
4652
4655
4653
4655
4657
4654
4655
4657
4656
4657
4664
4663
4665
4664
4666
4670
4667
4670
4672
4671
4673
4680
4674
4675
4677
4674
4679
4684
4680
4682
4684
4689
4683
4684
4686
4683
4684
4694
4688
4695
4689
4691
4697
4691
4693
4698
4693
4696
4700
4695
4696
4699
4702
4699
4700
4707
4705
4707
4710
4706
4708
4714
4708
4709
4712
4710
4715
4715
4717
4727
4724
4726
4732
4742
4734
4735
4739
4735
4737
4739
4735
4741
4745
4738
4739
4741
4738
4740
4748
4744
4745
4749
4746
4756
4748
4751
4757
4762
4753
4759
4766
4757
4760
4764
4760
4761
4768
4763
4764
4766
4764
4765
4773
4768
4770
4773
4770
4771
4778
4773
4774
4776
4774
4778
4784
4778
4788
4792
4781
4785
4779
4780
4786
4788
4782
4787
4789
4786
4788
4795
4790
4792
4795
4791
4793
4796
4794
4806
4799
4800
4803
4799
4803
4805
4812
4803
4804
4813
4806
4812
4821
4808
4809
4820
4809
4811
4813
4809
4810
4813
4809
4810
4818
4813
4814
4818
4813
4814
4816
4815
4818
4821
4820
4823
4820
4822
4830
4824
4825
4830
4837
4827
4828
4838
4833
4834
4842
4836
4837
4842
4837
4838
4840
4840
4843
4854
4845
4847
4843
4847
4851
4855
4847
4850
4858
4850
4851
4856
4850
4851
4868
4855
4856
4858
4854
4863
4875
4867
4869
4865
4869
4873
4878
4869
4871
4874
4870
4871
4874
4873
4876
4882
4881
4883
4886
4884
4886
4888
4885
4886
4888
4887
4889
4893
4890
4892
4894
4894
4895
4900
4898
4899
4903
4902
4903
4910
4908
4909
4913
4911
4915
4918
4914
4916
4913
4916
4922
4916
4917
4919
4918
4920
4922
4920
4927
4931
4924
4925
4930
4925
4926
4930
4926
4928
4930
4927
4928
4930
4930
4932
4936
4944
4937
4939
4935
4936
4941
4940
4941
4944
4947
4944
4946
4951
4946
4947
4954
4948
4954
4964
4955
4959
4966
4956
4957
4960
4957
4963
4960
4961
4964
4962
4963
4965
4970
4964
4969
4968
4969
4972
4970
4975
4978
4982
4980
4984
4980
4982
4984
4982
4985
4991
4994
4987
4993
4989
4995
4998
5002
4994
4996
4998
4994
4995
4998
4996
5000
4997
5000
5003
5006
5000
5006
5001
5003
5005
5012
5004
5009
5004
5005
5009
5011
5012
5013
5023
5016
5019
5024
5018
5019
5024
5021
5025
5021
5023
5025
5023
5027
5030
5026
5027
5035
5039
5035
5038
5046
5039
5041
5037
5039
5043
5039
5043
5045
5041
5042
5045
5049
5047
5049
5059
5052
5060
5067
5055
5056
5061
5054
5055
5062
5058
5059
5061
5059
5062
5066
5061
5065
5068
5066
5069
5071
5067
5070
5075
5070
5074
5071
5072
5076
5079
5075
5079
5086
5081
5082
5085
5084
5087
5089
5085
5086
5088
5088
5090
5101
5096
5098
5095
5099
5110
5114
5102
5103
5107
5101
5108
5112
5106
5108
5113
5109
5112
5114
5111
5112
5116
5113
5116
5113
5114
5116
5124
5119
5120
5130
5121
5124
5121
5126
5129
5131
5127
5128
5130
5128
5130
5128
5129
5138
5144
5136
5137
5141
5141
5143
5146
5145
5147
5146
5150
5153
5163
5155
5156
5165
5156
5159
5163
5159
5160
5162
5159
5161
5165
5161
5166
5174
5166
5167
5169
5164
5165
5168
5166
5167
5171
5168
5169
5173
5170
5171
5173
5172
5173
5177
5175
5179
5182
5181
5182
5185
5183
5184
5191
5186
5188
5191
5189
5190
5192
5191
5192
5194
5193
5194
5199
5197
5199
5202
5200
5201
5205
5207
5208
5212
5210
5211
5219
5219
5220
5224
5224
5225
5232
5228
5230
5238
5231
5232
5234
5231
5236
5231
5234
5238
5233
5236
5239
5236
5238
5241
5240
5242
5245
5242
5243
5248
5245
5246
5252
5249
5254
5260
5254
5257
5262
5258
5259
5261
5266
5264
5266
5268
5267
5268
5270
5269
5272
5274
5273
5285
5292
5284
5286
5282
5288
5293
5300
5293
5295
5291
5294
5296
5294
5297
5299
5303
5301
5303
5309
5307
5313
5310
5311
5312
5314
5312
5317
5319
5316
5320
5322
5321
5324
5327
5324
5328
5332
5328
5330
5335
5330
5334
5344
5333
5334
5343
5335
5338
5344
5336
5339
5344
5337
5338
5340
5338
5339
5342
5341
5344
5346
5346
5347
5349
5349
5351
5356
5353
5357
5360
5355
5356
5360
5356
5357
5365
5359
5372
5385
5369
5372
5374
5367
5374
5380
5369
5371
5379
5371
5375
5382
5374
5375
5377
5374
5375
5379
5378
5383
5386
5381
5382
5384
5382
5388
5394
5387
5389
5393
5387
5388
5394
5389
5390
5398
5396
5397
5407
5401
5408
5413
5404
5405
5409
5406
5407
5417
5409
5413
5420
5413
5414
5417
5414
5418
5422
5416
5418
5420
5418
5421
5424
5421
5422
5425
5422
5425
5429
5424
5426
5433
5428
5429
5433
5430
5434
5440
5435
5438
5442
5438
5439
5441
5440
5441
5443
5441
5443
5448
5444
5445
5451
5447
5450
5455
5450
5451
5454
5452
5453
5456
5454
5455
5460
5456
5462
5464
5459
5461
5467
5462
5463
5467
5464
5466
5470
5466
5467
5475
5470
5477
5479
5472
5473
5476
5473
5474
5477
5476
5477
5483
5480
5482
5484
5482
5484
5486
5485
5491
5494
5490
5491
5493
5492
5497
5500
5497
5498
5502
5498
5503
5507
5502
5503
5508
5504
5510
5517
5510
5517
5530
5516
5518
5521
5515
5516
5522
5517
5520
5523
5523
5525
5529
5525
5527
5531
5530
5531
5533
5533
5535
5539
5536
5537
5540
5538
5544
5549
5544
5546
5548
5547
5548
5553
5550
5551
5554
5553
5555
5559
5558
5560
5568
5562
5563
5569
5563
5564
5567
5564
5566
5568
5567
5570
5572
5570
5572
5577
5572
5575
5580
5576
5580
5585
5579
5580
5584
5581
5582
5586
5583
5584
5589
5587
5588
5590
5588
5593
5596
5591
5592
5602
5596
5597
5600
5598
5608
5612
5604
5605
5608
5604
5605
5607
5604
5606
5611
5607
5610
5614
5609
5613
5620
5613
5614
5623
5616
5617
5624
5617
5618
5620
5617
5618
5621
5620
5621
5627
5625
5626
5628
5628
5629
5631
5630
5634
5638
5636
5638
5643
5639
5641
5650
5643
5645
5650
5644
5647
5650
5646
5647
5653
5650
5651
5656
5654
5656
5665
5658
5660
5665
5660
5671
5673
5664
5665
5669
5663
5670
5672
5666
5668
5670
5667
5669
5678
5672
5673
5676
5672
5674
5676
5673
5675
5678
5674
5675
5679
5675
5677
5679
5676
5677
5682
5680
5689
5691
5684
5685
5688
5684
5685
5690
5688
5694
5704
5693
5694
5706
5695
5697
5701
5699
5701
5705
5701
5702
5708
5703
5707
5709
5706
5707
5709
5707
5708
5713
5712
5714
5720
5715
5718
5727
5718
5720
5722
5717
5719
5726
5720
5721
5725
5721
5724
5731
5725
5727
5730
5728
5730
5734
5730
5735
5741
5735
5740
5751
5741
5743
5746
5741
5752
5755
5744
5746
5749
5743
5744
5750
5745
5746
